302576.5622335271,4123913.042003225,1.1093262029448803
302576.5844967739,4123913.0867731688,1.109326197755646
302576.6067600208,4123913.131543112,1.1093262029448803
302576.6290232676,4123913.1763130557,1.1093261946285013
302576.65128651465,4123913.221082999,1.1093262039872616
302576.6735497614,4123913.2658529426,1.109326197755646
302576.6958130083,4123913.310622886,1.1093262029448803
302576.7180762551,4123913.3553928295,1.109326197755646
302576.740339502,4123913.4001627727,1.1093261998177357
302576.762602749,4123913.4449327164,1.109326197755646
302576.78486599587,4123913.4897026597,1.1093262029448803
302576.8071292427,4123913.5344726034,1.1093261987980272
302576.8293924895,4123913.5792425466,1.1093262029448803
302576.85165573633,4123913.6240124903,1.1093261956708829
302576.8739189833,4123913.6687824335,1.1093262019024988
302576.8961822302,4123913.713552377,1.1093262029448803
302576.91844547703,4123913.758322321,1.109326197755646
302576.9407087239,4123913.803092264,1.1093262029448803
302576.96297197073,4123913.847862208,1.1093261987980272
302576.98523521755,4123913.892632151,1.1093262019024988
302577.00749846443,4123913.9374020947,1.1093261967132644
302577.02976171137,4123913.982172038,1.1093262019024988
302577.05202495825,4123914.0269419816,1.1093261987980272
302577.07428820507,4123914.071711925,1.1093262019024988
302577.09655145195,4123914.1164818686,1.1093261987980272
302577.11881469877,4123914.161251812,1.1093261998177357
302577.14107794577,4123914.2060217555,1.109326197755646
302577.16334119265,4123914.2507916987,1.1093262019024988
302577.1856044395,4123914.2955616424,1.1093261987980272
302577.20786768635,4123914.3403315856,1.1093262029448803
302577.23013093317,4123914.3851015293,1.1093262029448803
302577.25239418,4123914.429871473,1.1093261987980272
302577.2746574268,4123914.474641416,1.1093261998177357
302577.2969206738,4123914.51941136,1.109326197755646
302577.3191839207,4123914.564181303,1.1093262019024988
302577.34144716756,4123914.608951247,1.1093261987980272
302577.3637104144,4123914.65372119,1.1093262029448803
302577.3859736612,4123914.6984911337,1.1093261956708829
302577.4082369082,4123914.743261077,1.1093262019024988
302577.4305001551,4123914.7880310207,1.1093261987980272
302577.4527634019,4123914.832800964,1.1093262029448803
302577.4750266487,4123914.8775709076,1.1093262019024988
302577.4972898956,4123914.9223408513,1.1093261987980272
302577.5195531424,4123914.9671107945,1.1093262019024988
302577.5418163893,4123915.011880738,1.1093261967132644
302577.56407963624,4123915.0566506814,1.1093262008601172
302577.5863428832,4123915.101420625,1.1093261987980272
302577.60860613,4123915.1461905683,1.1093262029448803
302577.6308693768,4123915.190960512,1.1093261987980272
302577.65313262364,4123915.2357304553,1.1093262008601172
302577.6753958706,4123915.280500399,1.1093261967132644
302577.6976591175,4123915.325270342,1.1093262029448803
302577.71992236434,4123915.370040286,1.109326197755646
302577.7421856112,4123915.414810229,1.1093262029448803
302577.76444885804,4123915.459580173,1.1093261967132644
302577.786712105,4123915.504350116,1.1093262019024988
302577.80897535186,4123915.5491200597,1.109326197755646
302577.83123859874,4123915.593890003,1.1093262029448803
302577.85350184556,4123915.6386599466,1.1093262029448803
302577.8757650924,4123915.6834298903,1.109326197755646
302577.89802833926,4123915.7281998335,1.1093262029448803
302577.9202915861,4123915.772969777,1.1093261967132644
302577.942554833,4123915.8177397205,1.1093262008601172
302577.96481807996,4123915.862509664,1.1093261987980272
302577.9870813268,4123915.9072796074,1.1093262029448803
302578.0093445736,4123915.952049551,1.109326197755646
302578.0316078205,4123915.9968194943,1.1093262029448803
302578.0538710673,4123916.041589438,1.1093262029448803
302578.0761343141,4123916.0863593817,1.1093261967132644
302578.09839756106,4123916.131129325,1.1093261967132644
302578.120660808,4123916.175899268,1.1093262019024988
302578.1429240549,4123916.220669212,1.1093262029448803
302578.1651873017,4123916.2654391555,1.1093261987980272
302578.1874505485,4123916.3102090987,1.1093262019024988
302578.2097137954,4123916.3549790424,1.1093261956708829
302578.2319770424,4123916.3997489857,1.1093262029448803
302578.2542402892,4123916.4445189293,1.109326197755646
302578.2765035361,4123916.4892888726,1.1093262029448803
302578.2987667829,4123916.5340588163,1.1093261987980272
302578.32103002974,4123916.5788287595,1.1093262019024988
302578.3432932766,4123916.623598703,1.109326197755646
302578.3655565235,4123916.6683686464,1.1093262008601172
302578.38781977043,4123916.71313859,1.1093261987980272
302578.41008301725,4123916.7579085333,1.1093262019024988
302578.43234626413,4123916.802678477,1.1093262029448803
302578.45460951095,4123916.8474484207,1.109326197755646
302578.47687275783,4123916.892218364,1.1093261998177357
302578.49913600483,4123916.9369883076,1.1093261987980272
302578.52139925165,4123916.981758251,1.1093262019024988
302578.54366249853,4123917.0265281945,1.1093261998404087
302578.5659257453,4123917.071298138,1.1093262008601172
302578.58818899223,4123917.1160680815,1.1093261967132644
302578.61045223917,4123917.1608380247,1.1093262019024988
302578.63271548605,4123917.2056079684,1.1093261987980272
302578.65497873287,4123917.2503779116,1.1093262019024988
302578.67724197975,4123917.2951478553,1.1093261987980272
302578.69950522657,4123917.3399177985,1.1093262029448803
302578.7217684734,4123917.384687742,1.1093262019024988
302578.74403172027,4123917.429457686,1.1093261956708829
302578.76629496727,4123917.474227629,1.1093262029448803
302578.7885582141,4123917.518997573,1.1093261987980272
302578.8108214609,4123917.563767516,1.1093262019024988
302578.8330847078,4123917.6085374597,1.109326197755646
302578.85534795467,4123917.653307403,1.1093261998177357
302578.87761120166,4123917.6980773467,1.1093261987980272
302578.8998744485,4123917.74284729,1.1093262029448803
302578.9221376953,4123917.7876172336,1.109326197755646
302578.9444009422,4123917.832387177,1.1093262039872616
302578.96666418895,4123917.8771571205,1.109326197755646
302578.9889274358,4123917.9219270637,1.1093262019024988
302579.0111906827,4123917.9666970074,1.1093261956708829
302579.0334539297,4123918.0114669506,1.1093262029448803
302579.0557171765,4123918.0562368943,1.1093262019024988
302579.0779804234,4123918.101006838,1.1093261987980272
302579.1002436702,4123918.1457767813,1.1093262019024988
302579.1225069171,4123918.190546725,1.1093261956708829
302579.1447701641,4123918.235316668,1.1093262029448803
302579.1670334109,4123918.280086612,1.1093261987980272
302579.18929665774,4123918.324856555,1.1093262029448803
302579.21155990456,4123918.369626499,1.1093261987980272
302579.2338231514,4123918.414396442,1.1093262029448803
302579.2560863982,4123918.4591663857,1.109326205029643
302579.2783496449,4123918.5039363294,1.1093261967132644
302579.30061289185,4123918.5487062726,1.109326205029643
302579.32287613855,4123918.5934762163,1.109326205029643
302579.34513938526,4123918.63824616,1.1093262008827902
302579.36740263196,4123918.683016103,1.1093262060720246
302579.3896658786,4123918.727786047,1.1093262039872616
302579.4119291254,4123918.7725559906,1.109326207114406
302579.43419237196,4123918.8173259343,1.1093262029675532
302579.45645561855,4123918.8620958775,1.1093262091991691
302579.478718865,4123918.906865821,1.109326211283932
302579.5009821114,4123918.951635765,1.1093262102415504
302579.5232453578,4123918.9964057086,1.1093262196003106
302579.5455086039,4123919.0411756528,1.1093262175382208
302579.5677718499,4123919.0859455965,1.1093262237698365
302579.5900350958,4123919.1307155406,1.1093262258545995
302579.6122983416,4123919.175485485,1.109326231066507
302579.63456158707,4123919.220255429,1.1093262362784144
302579.65682483226,4123919.265025373,1.109326248764319
302579.679088077,4123919.3097953177,1.109326255018608
302579.70135132136,4123919.3545652623,1.1093262685468939
302579.7236145652,4123919.3993352074,1.1093262758435645
302579.74587780866,4123919.4441051525,1.1093262893718503
302579.7681410516,4123919.488875098,1.1093263029228102
302579.79040429374,4123919.5336450436,1.109326318535859
302579.81266753527,4123919.5784149896,1.1093263424652857
302579.8349307759,4123919.6231849366,1.1093263601857721
302579.8571940156,4123919.6679548835,1.1093263841378733
302579.87945725414,4123919.712724831,1.1093264174487338
302579.9017204913,4123919.7574947793,1.109326450759594
302579.92398372706,4123919.8022647286,1.109326491389801
302579.9462469608,4123919.8470346783,1.1093265423984724
302579.96851019235,4123919.8918046295,1.1093265996614334
302579.9907734214,4123919.936574582,1.1093266590318354
302580.01303664764,4123919.9813445355,1.1093267287806987
302580.0352998709,4123920.026114491,1.1093268037641495
302580.05756309064,4123920.0708844475,1.109326901634641
302580.0798263061,4123920.1156544066,1.1093270172029428
302580.10208951647,4123920.1604243685,1.1093271380058358
302580.12435272126,4123920.2051943326,1.1093272848002291
302580.1466159197,4123920.2499643005,1.1093274430835087
302580.16887911095,4123920.2947342717,1.1093276221917465
302580.19114229403,4123920.3395042466,1.1093278304186218
302580.21340546804,4123920.3842742266,1.1093280720017302
302580.2356686311,4123920.4290442117,1.1093283479380764
302580.25793178176,4123920.473814203,1.1093286571852745
302580.2801949186,4123920.518584201,1.1093290122519157
302580.3024580396,4123920.563354207,1.1093294277086592
302580.324721142,4123920.6081242226,1.1093298921119978
302580.3469842236,4123920.6528942483,1.1093304179478238
302580.3692472816,4123920.6976642855,1.1093310218715569
302580.39151031256,4123920.7424343363,1.1093317101374975
302580.41377331276,4123920.7872044025,1.1093325014858328
302580.43603627756,4123920.8319744864,1.1093334021708718
302580.45829920203,4123920.8767445902,1.1093344298904202
302580.48056208045,4123920.921514717,1.1093355940259577
302580.5028249066,4123920.9662848692,1.1093369320123012
302580.5250876731,4123921.011055052,1.1093384543416545
302580.54735037126,4123921.055825268,1.1093401952988435
302580.56961299165,4123921.100595523,1.1093421695229135
302580.59187552356,4123921.145365822,1.1093444134290331
302580.61413795495,4123921.190136171,1.109346980110534
302580.6364002715,4123921.234906577,1.10934990081626
302580.65866245737,4123921.2796770483,1.1093532193038558
302580.6809244945,4123921.324447593,1.1093570136152815
302580.70318636193,4123921.369218223,1.1093613244039666
302580.72544803633,4123921.4139889483,1.1093662308002155
302580.74770949094,4123921.458759783,1.1093718171231863
302580.76997069543,4123921.5035307417,1.1093781791582973
302580.7922316153,4123921.5483018425,1.1093854210766902
302580.81449221086,4123921.5930731045,1.1093936626162495
302580.83675243723,4123921.6378445495,1.1094030588632526
302580.8590122431,4123921.682616204,1.1094137504504225
302580.8812715703,4123921.7273880965,1.109425917481892
302580.9035303528,4123921.77216026,1.1094397557453954
302580.92578851565,4123921.8169327313,1.1094555151167231
302580.94804597285,4123921.8617055533,1.1094734579804804
302580.9703026268,4123921.9064787747,1.109493871764514
302580.99255836656,4123921.9512524502,1.1095171145896108
302581.01481306594,4123921.9960266436,1.109543554105646
302581.03706658137,4123922.040801425,1.109573647369881
302581.05931874935,4123922.085576876,1.1096078931636042
302581.08156938385,4123922.130353089,1.1096468579048324
302581.1038182737,4123922.175130169,1.1096911986341418
302581.1260651782,4123922.2199082356,1.1097416525915733
302581.14830982336,4123922.2646874245,1.1097990537909144
302581.17055189813,4123922.3094678903,1.1098643425095467
302581.19279104914,4123922.354249808,1.1099386151705655
302581.21502687404,4123922.3990333774,1.1100230848621357
302581.23725891596,4123922.443818825,1.1101191520685987
302581.25948665536,4123922.488606408,1.1102283713902679
302581.281709503,4123922.533396418,1.1103525327586632
302581.3039267893,4123922.5781891877,1.1104936187796124
302581.3261377557,4123922.622985091,1.1106538972836617
302581.34834154206,4123922.667784554,1.1108359069692855
302581.3705371739,4123922.712588057,1.1110425091574376
302581.3927235488,4123922.757396145,1.111276876691859
302581.4148994216,4123922.8022094313,1.1115425426744776
302581.43706338824,4123922.8470286075,1.1118434327591895
302581.4592138682,4123922.8918544506,1.1121838569486433
302581.4813490869,4123922.9366878313,1.1125684990196798
302581.5034670592,4123922.981529723,1.113002407456424
302581.525565572,4123923.026381207,1.113490923333226
302581.5476421714,4123923.0712434812,1.1140395576313704
302581.5696941545,4123923.1161178607,1.1146538216987583
302581.5917185687,4123923.1610057773,1.1153389158653495
302581.613712225,4123923.2059087716,1.1160993085564503
302581.63567173097,4123923.2508284766,1.1169380226518433
302581.65759355424,4123923.295766583,1.1178557571179688
302581.67947412696,4123923.340724789,1.118849368142758
302581.70131001784,4123923.3857047134,1.1199099724252746
302581.7230981906,4123923.430707772,1.1210200802341783
302581.7448363917,4123923.4757349896,1.1221495671922115
302581.7665237214,4123923.520786732,1.1232535885413797
302581.78816129983,4123923.56586239,1.124304431216432
302581.80975149927,4123923.610960762,1.1252862457257904
302581.8312974101,4123923.65608031,1.1261912567396786
302581.85280247877,4123923.701219339,1.127017070499437
302581.87427026354,4123923.7463761116,1.1277648442487869
302581.8957042756,4123923.7915489255,1.128437900053328
302581.9171078789,4123923.836736155,1.1290408630578381
302581.9384842321,4123923.8819362824,1.1295790455511818
302581.95983625646,4123923.9271479077,1.1300579532617694
302581.9811666261,4123923.9723697533,1.1304831229371686
302582.0024777669,4123924.017600664,1.1308610503812164
302582.02377181215,4123924.0628396254,1.1311951412632597
302582.0450507423,4123924.1080856984,1.1314890931798713
302582.06631637126,4123924.1533380244,1.1317485732732513
302582.08757025754,4123924.198595867,1.1319774308568915
302582.10881378566,4123924.2438585726,1.1321791357718003
302582.13004818367,4123924.289125562,1.1323568207951589
302582.1512745381,4123924.334396324,1.1325132574102597
302582.17249381007,4123924.3796704058,1.1326509467192123
302582.19370684825,4123924.424947409,1.132772092042803
302582.2149144012,4123924.4702269817,1.1328786503063604
302582.236117129,4123924.515508814,1.1329723636563618
302582.2573156133,4123924.560792633,1.1330547594820672
302582.27851036616,4123924.606078198,1.1331272025540924
302582.2997018386,4123924.6513652992,1.1331908758471283
302582.3208904273,4123924.6966537493,1.133246845567594
302582.342076481,4123924.741943385,1.1332960445749893
302582.3632603067,4123924.7872340633,1.1333392795278823
302582.3844421743,4123924.8325256575,1.1333772629980767
302582.40562232136,4123924.877818056,1.1334106403392556
302582.42680095666,4123924.923111161,1.1334399625787646
302582.44797826395,4123924.9684048877,1.133465734109639
302582.46915440395,4123925.01369916,1.1334883818339152
302582.49032951816,4123925.058993912,1.1335082725834178
302582.5115037313,4123925.1042890847,1.1335257465503867
302582.53267715307,4123925.1495846277,1.1335410967870907
302582.55384987954,4123925.194880496,1.13355458154375
302582.5750219952,4123925.2401766493,1.1335664237627705
302582.5961935743,4123925.2854730533,1.1335768387289424
302582.6173646818,4123925.330769678,1.133585985097128
302582.638535375,4123925.3760664966,1.1335940088668226
302582.6597057046,4123925.4213634846,1.13360106259407
302582.68087571475,4123925.466660622,1.1336072590799642
302582.7020454443,4123925.511957891,1.1336126995246252
302582.7232149273,4123925.5572552746,1.1336174856318064
302582.7443841936,4123925.60255276,1.1336216843488147
302582.76555326977,4123925.647850334,1.1336253634021525
302582.7867221792,4123925.693147986,1.1336285926276621
302582.8078909422,4123925.738445706,1.1336314441980535
302582.8290595763,4123925.783743487,1.133633930817528
302582.8502280976,4123925.8290413204,1.133636121219007
302582.8713965197,4123925.8743392,1.1336380409903681
302582.8925648548,4123925.9196371203,1.1336397304365684
302582.91373311344,4123925.9649350764,1.1336412124846347
302582.93490130507,4123926.010233064,1.1336425063945643
302582.9560694379,4123926.055531079,1.1336436490314037
302582.977237519,4123926.100829118,1.1336446509418987
302582.9984055548,4123926.1461271783,1.1336455282220759
302583.0195735507,4123926.191425257,1.133646299807364
302583.0407415118,4123926.236723352,1.1336469696894018
302583.0619094425,4123926.2820214615,1.133647561298175
302583.0830773464,4123926.3273195834,1.1336480749095657
302583.10424522695,4123926.372617716,1.1336485381722377
302583.12541308673,4123926.417915859,1.1336489342602234
302583.14658092835,4123926.4632140095,1.1336492821088446
302583.16774875426,4123926.5085121677,1.1336495872673973
302583.1889165664,4123926.5538103324,1.1336498621161335
302583.21008436615,4123926.599108503,1.1336500934960334
302583.2312521553,4123926.6444066786,1.1336502966754791
302583.25241993525,4123926.689704858,1.1336504798159959
302583.273587707,4123926.735003042,1.1336506329226108
302583.29475547187,4123926.780301229,1.1336507736489783
302583.31592323026,4123926.825599419,1.1336508967216958
302583.33709098294,4123926.870897611,1.1336510131904074
302583.3582587305,4123926.916195806,1.1336511080626677
302583.3794264737,4123926.961494003,1.1336511850053534
302583.4005942135,4123927.0067922017,1.1336512537865169
302583.4217619502,4123927.0520904018,1.1336513162395947
302583.44292968407,4123927.0973886033,1.1336513705311515
302583.4640974154,4123927.1426868057,1.1336514184946227
302583.4852651445,4123927.187985009,1.13365146223937
302583.5064328716,4123927.2332832133,1.1336515057081893
302583.527600597,4123927.278581419,1.1336515320752152
302583.54876832094,4123927.3238796247,1.1336515589450655
302583.5699360438,4123927.3691778313,1.1336515839814825
302583.59110376553,4123927.4144760384,1.1336516029657417
302583.6122714862,4123927.4597742455,1.1336516256168674
302583.63343920605,4123927.5050724535,1.1336516453798786
302583.65460692503,4123927.550370662,1.1336516580360518
302583.6757746433,4123927.5956688705,1.1336516735803388
302583.69694236096,4123927.6409670794,1.1336516912339878
302583.71811007784,4123927.686265289,1.1336517038901615
302583.739277794,4123927.7315634983,1.1336517152157237
302583.7604455098,4123927.776861708,1.1336517236531727
302583.7816132251,4123927.822159918,1.1336517360334162
302583.80278093996,4123927.8674581284,1.133651750798952
302583.823948654,4123927.9127563387,1.13365176739792
302583.84511636733,4123927.9580545495,1.1336517829422066
302583.86628408,4123928.003352761,1.1336518016505366
302583.8874517919,4123928.0486509725,1.133651822468229
302583.90861950285,4123928.0939491848,1.1336518382884468
302583.9297872129,4123928.139247397,1.1336518651582947
302583.95095492195,4123928.18454561,1.133651885197238
302583.9721226299,4123928.2298438232,1.1336519173404915
302583.99329033645,4123928.2751420373,1.1336519505384264
302584.01445804164,4123928.3204402523,1.1336519903403812
302584.03562574484,4123928.365738468,1.1336520422466452
302584.05679344584,4123928.4110366846,1.1336520944288428
302584.0779611444,4123928.4563349024,1.1336521579366008
302584.0991288401,4123928.5016331216,1.1336522267177656
302584.12029653264,4123928.546931342,1.1336523089338526
302584.1414642215,4123928.5922295647,1.1336523935352396
302584.1626319064,4123928.6375277885,1.133652501566488
302584.1837995866,4123928.682826015,1.133652628857942
302584.2049672609,4123928.728124244,1.133652773527104
302584.2261349287,4123928.7734224764,1.1336529329618088
302584.24730258924,4123928.818720712,1.1336531161023071
302584.26847024163,4123928.8640189515,1.1336533277192145
302584.2896378843,4123928.9093171954,1.1336535651512767
302584.31080551626,4123928.9546154444,1.1336538350025334
302584.33197313594,4123928.999913699,1.1336541535959945
302584.3531407413,4123929.0452119606,1.1336545151554756
302584.3743083302,4123929.0905102296,1.1336549317852531
302584.3954759002,4123929.1358085074,1.1336553984878748
302584.41664344905,4123929.181106795,1.1336559463518927
302584.4378109731,4123929.2264050944,1.1336565753773018
302584.4589784687,4123929.271703407,1.1336572858400829
302584.4801459321,4123929.317001735,1.133658099336629
302584.50131335866,4123929.36230008,1.1336590221950407
302584.5224807434,4123929.4075984443,1.1336600783970603
302584.5436480803,4123929.452896831,1.1336612855963195
302584.56481536257,4123929.4981952435,1.1336626648865433
302584.5859825822,4123929.543493685,1.1336642365333351
302584.6071497307,4123929.5887921597,1.1336660311225877
302584.6283167981,4123929.6340906727,1.1336680718574679
302584.6494837728,4123929.6793892286,1.133670400875862
302584.6706506421,4123929.724687834,1.1336730745787489
302584.6918173903,4123929.769986496,1.133676108786493
302584.71298400115,4123929.815285222,1.1336795670068562
302584.7341504553,4123929.8605840215,1.133683513802288
302584.75531673053,4123929.9058829043,1.1336879979147505
302584.7764828027,4123929.951181882,1.1336931184353611
302584.79764864297,4123929.9964809683,1.1336989454764548
302584.8188142191,4123930.0417801775,1.1337055949535855
302584.83997949417,4123930.087079528,1.133713167565555
302584.86114442616,4123930.1323790383,1.133721784777709
302584.8823089679,4123930.1776787313,1.133731598918518
302584.903473065,4123930.222978632,1.133742779693418
302584.9246366556,4123930.268278769,1.1337555447713932
302584.9457996679,4123930.3135791766,1.133770128420042
302584.9669620196,4123930.3588798926,1.1337866632054616
302584.9881236222,4123930.4041809584,1.1338054956440407
302585.0092843717,4123930.449482423,1.1338269382770938
302585.0304441499,4123930.494784341,1.133851355052212
302585.0516028219,4123930.540086776,1.1338791425588302
302585.07276023494,4123930.5853897985,1.1339107951442287
302585.0939162142,4123930.630693491,1.1339468167080335
302585.1150705614,4123930.6759979455,1.1339878286125076
302585.1362230506,4123930.7213032674,1.1340345173389146
302585.15737342456,4123930.766609577,1.1340876663521127
302585.17852139054,4123930.8119170107,1.1341481684798438
302585.19966661517,4123930.8572257236,1.1342170316790956
302585.2208087197,4123930.9025358926,1.1342954196845367
302585.24194727244,4123930.947847719,1.134384635907285
302585.26308178244,4123930.9931614306,1.134486172658595
302585.28421169135,4123931.038477288,1.1346017344379584
302585.3053363633,4123931.083795587,1.1347332410202295
302585.32645507547,4123931.1291166637,1.134882887309901
302585.3475670053,4123931.1744409003,1.1350531560082031
302585.3686712175,4123931.219768731,1.1352468723917388
302585.38976664847,4123931.2651006486,1.135467226940424
302585.41085209,4123931.310437214,1.1357178504050573
302585.43192616815,4123931.355779062,1.1360028392422499
302585.45298732363,4123931.401126914,1.136326834577472
302585.4740337856,4123931.446481588,1.1366950681221721
302585.4950635449,4123931.491844008,1.1371134206988032
302585.5160743247,4123931.537215222,1.1375885061318576
302585.53706354677,4123931.5825964124,1.138127749990861
302585.5580282943,4123931.6279889145,1.138739408136085
302585.5789652731,4123931.673394231,1.1394326540863018
302585.59987076937,4123931.7188140503,1.1402176242323836
302585.62074060587,4123931.7642502654,1.1411053768519535
302585.6415700977,4123931.809704989,1.1421079047993778
302585.6623540088,4123931.855180571,1.1432379973690543
302585.6830865146,4123931.90067961,1.1445090167342096
302585.7037611728,4123931.9462049627,1.145934519932459
302585.7243709124,4123931.9917597384,1.1475276820215567
302585.7449080486,4123932.0373472883,1.1493003237121995
302585.76536434086,4123932.0829711687,1.1512615261861747
302585.78573111445,4123932.1286350763,1.1534155690031482
302585.8059994771,4123932.174342745,1.1557589234376962
302585.82616067305,4123932.2200977798,1.1582759267384342
302585.84620663757,4123932.2659034105,1.1609326752342157
302585.86613083613,4123932.3117621336,1.1636682833584011
302585.8859295079,4123932.3576751878,1.1663825974863946
302585.90560348483,4123932.4036418134,1.1689924299373464
302585.9251574311,4123932.4496596316,1.1714482851023942
302585.9445983071,4123932.4957253365,1.1737237916601229
302585.9639343116,4123932.5418351637,1.1758082168777801
302585.9831741636,4123932.5879852,1.177701106834122
302586.00232662575,4123932.634171576,1.1794086073290238
302586.02140019805,4123932.6803905903,1.1809408590563368
302586.0404029298,4123932.7266387786,1.1823101843030588
302586.05934231606,4123932.772912947,1.1835298820899898
302586.07822524855,4123932.8192101833,1.184613451316442
302586.09705800423,4123932.8655278548,1.1855740444637464
302586.1158462593,4123932.9118635966,1.1864241493085084
302586.13459511776,4123932.958215295,1.1871754296654649
302586.1533091481,4123933.0045810663,1.1878386220075006
302586.17199242517,4123933.0509592392,1.1884235111250274
302586.19064857316,4123933.0973483324,1.1889389471985954
302586.20928080805,4123933.1437470354,1.1893929014965818
302586.2278919784,4123933.1901541925,1.1897924929146628
302586.24648460344,4123933.236568783,1.190144091691323
302586.26506090816,4123933.282989908,1.190453349640365
302586.28362285584,4123933.3294167756,1.190725300711458
302586.30217217706,4123933.3758486896,1.1909643795887823
302586.3207103969,4123933.422285037,1.1911745150882282
302586.33923885855,4123933.4687252794,1.191359190709768
302586.3577587434,4123933.5151689425,1.1915214675085495
302586.37627109134,4123933.5616156105,1.1916640416619526
302586.394776817,4123933.6080649174,1.1917892978176121
302586.41327672446,4123933.654516542,1.1918993305151664
302586.43177152064,4123933.7009702018,1.1919959790003731
302586.45026182703,4123933.747425649,1.1920808764988087
302586.4687481893,4123933.793882665,1.1921554473647655
302586.4872310873,4123933.8403410604,1.1922209340164749
302586.50571094285,4123933.886800666,1.1922784531994404
302586.52418812615,4123933.9332613344,1.1923289585129284
302586.54266296275,4123933.9797229357,1.192373316130432
302586.56113573845,4123934.0261853565,1.1924122649759576
302586.5796067045,4123934.072648497,1.1924464691354517
302586.5980760813,4123934.119112269,1.1924765040934655
302586.61654406256,4123934.165576596,1.19250288131259
302586.6350108182,4123934.2120414097,1.1925260381068117
302586.653476498,4123934.2585066515,1.192546366464581
302586.671941233,4123934.304972268,1.1925642225605309
302586.6904051385,4123934.351438215,1.192579891392475
302586.70886831585,4123934.397904451,1.1925936479145518
302586.72733085393,4123934.444370941,1.192605724500326
302586.7457928309,4123934.4908376536,1.192616327171522
302586.7642543153,4123934.5373045625,1.192625626750454
302586.78271536744,4123934.5837716428,1.1926337948315247
302586.8011760401,4123934.630238874,1.1926409674235474
302586.81963637937,4123934.6767062373,1.1926472614469115
302586.8380964263,4123934.723173717,1.1926527757404322
302586.85655621684,4123934.7696412983,1.192657620925594
302586.8750157824,4123934.8161089695,1.1926618727360034
302586.89347515034,4123934.862576719,1.1926656046227917
302586.91193434485,4123934.909044537,1.1926688741198863
302586.93039338733,4123934.9555124156,1.192671750350505
302586.94885229634,4123935.0019803476,1.1926742675509283
302586.9673110882,4123935.0484483256,1.1926764742878955
302586.9857697777,4123935.0949163446,1.192678408428479
302587.0042283773,4123935.1413843995,1.192680101348356
302587.02268689807,4123935.187852485,1.1926815886310067
302587.0411453499,4123935.2343205987,1.1926828880918476
302587.0596037413,4123935.280788736,1.1926840295199175
302587.07806207956,4123935.327256894,1.1926850325821545
302587.09652037127,4123935.373725071,1.1926859091796858
302587.1149786223,4123935.4201932643,1.1926866722955793
302587.1334368378,4123935.4666614714,1.1926873461168164
302587.1518950221,4123935.513129691,1.1926879369425918
302587.1703531788,4123935.5595979216,1.192688452731031
302587.1888113117,4123935.6060661618,1.1926888963432463
302587.2072694238,4123935.65253441,1.1926892954042898
302587.22572751745,4123935.6990026655,1.1926896399845266
302587.24418559513,4123935.7454709276,1.1926899430670397
302587.26264365873,4123935.7919391952,1.1926902024879844
302587.2811017102,4123935.8384074676,1.1926904314227558
302587.29955975106,4123935.884875744,1.1926906352809719
302587.3180177824,4123935.9313440244,1.1926908118987847
302587.33647580555,4123935.977812308,1.1926909701238877
302587.3549338215,4123936.0242805947,1.1926911039697579
302587.37339183094,4123936.0707488833,1.1926912306267587
302587.3918498347,4123936.1172171747,1.192691337424526
302587.41030783346,4123936.163685468,1.192691423665732
302587.4287658283,4123936.210153763,1.1926914965392534
302587.4472238196,4123936.2566220593,1.192691563113525
302587.4656818079,4123936.3030903568,1.1926916208401066
302587.48413979344,4123936.349558655,1.1926916787589825
302587.5025977764,4123936.396026955,1.1926917254740264
302587.52105575707,4123936.4424952553,1.192691764807893
302587.539513736,4123936.4889635565,1.1926917931302217
302587.55797171354,4123936.535431858,1.1926918214525506
302587.57642968977,4123936.5819001603,1.192691846529106
302587.59488766483,4123936.628368463,1.1926918717979536
302587.6133456389,4123936.6748367664,1.19269188567068
302587.63180361205,4123936.7213050695,1.1926919044479802
302587.65026158455,4123936.7677733735,1.1926919163491498
302587.6687195564,4123936.8142416775,1.1926919260864706
302587.68717752775,4123936.8607099815,1.1926919403437808
302587.7056354985,4123936.907178286,1.1926919500811015
302587.72409346874,4123936.9536465905,1.1926919600107135
302587.7425514386,4123937.0001148954,1.1926919665022606
302587.76100940816,4123937.0465832003,1.1926919719118834
302587.7794673774,4123937.0930515053,1.192691979677646
302587.7979253464,4123937.1395198107,1.1926919794853552
302587.81638331525,4123937.1859881156,1.1926919840053443
302587.834841284,4123937.232456421,1.1926919838130534
302587.85329925263,4123937.278924726,1.192691989414967
302587.8717572211,4123937.3253930314,1.1926919915788161
302587.8902151895,4123937.3718613368,1.1926919937426652
302587.90867315774,4123937.418329642,1.1926919948245898
302587.92713112594,4123937.4647979476,1.1926919959065143
302587.9455890941,4123937.511266253,1.1926919959065143
302587.9640470622,4123937.5577345584,1.1926920004265034
302587.9825050303,4123937.604202864,1.1926919980703634
302588.0009629983,4123937.6506711696,1.1926919980703634
302588.01942096633,4123937.697139475,1.1926919980703634
302588.03787893435,4123937.7436077804,1.1926920025903522
302588.0563369023,4123937.7900760863,1.1926920002342125
302588.0747948702,4123937.8365443917,1.1926920002342125
302588.0932528381,4123937.883012697,1.1926920002342125
302588.111710806,4123937.9294810025,1.1926920047542013
302588.1301687739,4123937.9759493084,1.192692001316137
302588.1486267417,4123938.022417614,1.192692005836126
302588.1670847095,4123938.0688859196,1.192692001316137
302588.18554267735,4123938.115354225,1.1926920002342125
302588.20400064526,4123938.1618225304,1.1926920047542013
302588.2224586131,4123938.2082908363,1.1926920023980616
302588.2409165809,4123938.2547591417,1.192692005836126
302588.2593745487,4123938.3012274476,1.1926920002342125
302588.2778325166,4123938.347695753,1.192692001316137
302588.29629048443,4123938.3941640584,1.192692005836126
302588.3147484522,4123938.4406323642,1.1926920023980616
302588.33320642,4123938.4871006696,1.1926920002342125
302588.3516643879,4123938.533568975,1.1926920047542013
302588.37012235576,4123938.580037281,1.192692001316137
302588.3885803236,4123938.6265055863,1.192692005836126
302588.4070382914,4123938.672973892,1.192692001316137
302588.42549625924,4123938.7194421976,1.192692001316137
302588.4439542271,4123938.765910503,1.1926920047542013
302588.46241219493,4123938.812378809,1.192692001316137
302588.4808701628,4123938.8588471143,1.192692001316137
302588.4993281306,4123938.9053154197,1.192692005836126
302588.5177860984,4123938.9517837255,1.192692001316137
302588.53624406626,4123938.998252031,1.1926920047542013
302588.5547020341,4123939.044720337,1.192692001316137
302588.57316000195,4123939.091188642,1.1926920023980616
302588.59161796974,4123939.1376569476,1.1926920047542013
302588.6100759376,4123939.1841252535,1.192692001316137
302588.62853390543,4123939.230593559,1.1926920047542013
302588.6469918733,4123939.2770618647,1.192692001316137
302588.6654498411,4123939.32353017,1.1926920023980616
302588.6839078089,4123939.3699984755,1.1926920047542013
302588.70236577676,4123939.4164667814,1.1926920002342125
302588.72082374466,4123939.462935087,1.1926920023980616
302588.73928171245,4123939.509403392,1.192692005836126
302588.75773968024,4123939.555871698,1.192692001316137
302588.7761976481,4123939.6023400035,1.1926920036722768
302588.794655616,4123939.6488083093,1.1926920023980616
302588.8131135838,4123939.6952766147,1.1926920023980616
302588.83157155156,4123939.74174492,1.192692005836126
302588.85002951935,4123939.788213226,1.1926920045619107
302588.868487487,4123939.8346815314,1.192692007999975
302588.8869454547,4123939.8811498373,1.1926920056438353
302588.9054034223,4123939.9276181427,1.1926920090818995
302588.9238613899,4123939.9740864486,1.192692010163824
302588.9423193575,4123940.0205547544,1.1926920078076844
302588.960777325,4123940.06702306,1.1926920112457486
302588.97923529247,4123940.1134913657,1.1926920112457486
302588.99769325997,4123940.1599596716,1.192692011053458
302589.0161512273,4123940.206427977,1.1926920166553714
302589.0346091945,4123940.252896283,1.1926920199011453
302589.0530671615,4123940.2993645887,1.1926920244211339
302589.0715251285,4123940.345832895,1.1926920242288435
302589.0899830953,4123940.392301201,1.192692025310768
302589.10844106204,4123940.4387695068,1.1926920374042287
302589.1268990283,4123940.485237813,1.1926920428138514
302589.1453569943,4123940.5317061194,1.192692049305399
302589.16381495993,4123940.5781744258,1.192692062480784
302589.18227292504,4123940.6246427326,1.1926920689723315
302589.2007308898,4123940.6711110394,1.1926920797915772
302589.219188854,4123940.717579346,1.1926920940488868
302589.2376468176,4123940.7640476534,1.1926921083061963
302589.2561047806,4123940.810515961,1.1926921256169898
302589.2745627427,4123940.856984269,1.1926921474477714
302589.2930207038,4123940.903452577,1.1926921681966285
302589.31147866393,4123940.9499208857,1.1926922008466563
302589.3299366225,4123940.996389195,1.1926922390985961
302589.3483945794,4123941.042857505,1.1926922771582473
302589.36685253447,4123941.0893258154,1.1926923229836595
302589.3853104874,4123941.135794127,1.1926923754929069
302589.4037684381,4123941.1822624397,1.1926924286995049
302589.4222263861,4123941.228730753,1.1926924963556977
302589.440684331,4123941.275199068,1.1926925737492136
302589.4591422723,4123941.321667384,1.1926926697277358
302589.4776002092,4123941.368135702,1.1926927698416738
302589.49605814123,4123941.4146040212,1.1926928964986585
302589.5145160676,4123941.4610723434,1.192693030536835
302589.53297398763,4123941.507540668,1.1926931920076969
302589.5514319003,4123941.5540089956,1.1926933619416804
302589.56988980493,4123941.600477326,1.1926935636360487
302589.5883477002,4123941.6469456605,1.1926938003365732
302589.60680558457,4123941.6934139994,1.1926940662490815
302589.6252634565,4123941.739882343,1.192694370413522
302589.64372131426,4123941.786350692,1.1926947270871886
302589.6621791556,4123941.8328190483,1.1926951259559584
302589.6806369783,4123941.8792874115,1.1926955870712876
302589.6990947795,4123941.925755783,1.19269611928083
302589.71755255613,4123941.9722241648,1.1926967165982005
302589.7360103049,4123942.0186925572,1.1926974046766954
302589.7544680218,4123942.0651609628,1.1926981861853774
302589.7729257022,4123942.1116293822,1.1926990846136512
302589.79138334095,4123942.1580978185,1.1927001105885482
302589.8098409321,4123942.204566274,1.1927012792570684
302589.82829846884,4123942.2510347506,1.192702621297622
302589.8467559432,4123942.297503252,1.1927041477216729
302589.8652133467,4123942.343971782,1.1927058899051708
302589.8836706693,4123942.390440344,1.1927078750885622
302589.90212789946,4123942.436908942,1.192710146235694
302589.9205850243,4123942.483377583,1.1927127310925434
302589.9390420289,4123942.529846271,1.1927156866880542
302589.95749889617,4123942.5763150137,1.1927190523559463
302589.97595560714,4123942.6227838187,1.1927228821930274
302589.99441214,4123942.669252694,1.1927272485671918
302590.01286846993,4123942.71572165,1.1927322267080032
302590.03132456867,4123942.762190698,1.1927378925432675
302590.049780404,4123942.8086598506,1.192744359938096
302590.06823593896,4123942.8551291227,1.1927517188857952
302590.0866911318,4123942.9015985304,1.192760114819445
302590.10514593456,4123942.948068093,1.1927696750939585
302590.12360029307,4123942.994537832,1.1927805620702592
302590.1420541456,4123943.041007772,1.1927929689784584
302590.1605074216,4123943.087477941,1.1928071027313336
302590.1789600408,4123943.133948371,1.1928231957008646
302590.1974119122,4123943.1804190977,1.1928415356307307
302590.2158629314,4123943.226890163,1.192862413320281
302590.23431298014,4123943.273361613,1.192886193587716
302590.25276192394,4123943.319833502,1.192913277085887
302590.2712096091,4123943.366305891,1.1929441108650376
302590.28965586127,4123943.4127788483,1.192979229486174
302590.3081004815,4123943.459252454,1.1930192188794981
302590.32654324314,4123943.5057267966,1.1930647555973446
302590.34498388856,4123943.5522019793,1.1931166032724103
302590.3634221241,4123943.5986781176,1.193175641417988
302590.38185761607,4123943.645155345,1.1932428490568492
302590.40028998407,4123943.6916338108,1.1933193741523578
302590.41871879547,4123943.7381136874,1.1934064782553233
302590.43714355805,4123943.7845951687,1.1935056369242603
302590.4555637115,4123943.8310784767,1.1936185093513083
302590.47397861833,4123943.877563864,1.1937469636370237
302590.49238755356,4123943.924051616,1.1938931489688007
302590.51078969275,4123943.9705420583,1.194059484412002
302590.5291840989,4123944.0170355616,1.1942487054800397
302590.5475697068,4123944.063532544,1.1944639364417542
302590.56594530697,4123944.110033483,1.1947086710919645
302590.5843095259,4123944.1565389168,1.194986883774688
302590.6026608059,4123944.2030494586,1.1953030266494271
302590.6209973809,4123944.2495657993,1.1956621176012492
302590.6393172509,4123944.296088721,1.196069763782874
302590.65761815454,4123944.342619107,1.1965322325578363
302590.6758975372,4123944.3891579513,1.1970564747623487
302590.6941525195,4123944.4357063714,1.197650158313928
302590.71237986337,4123944.4822656205,1.1983216767798328
302590.7305759376,4123944.5288370987,1.1990801163905105
302590.7487366846,4123944.5754223634,1.1999351835209453
302590.76685759093,4123944.622023138,1.2008970520210829
302590.78493366466,4123944.6686413204,1.2019760661436127
302590.80295942567,4123944.7152789785,1.2031823335278649
302590.82092891523,4123944.761938344,1.2045250432285366
302590.8388357378,4123944.8086217935,1.2060114637936186
302590.8566731483,4123944.8553318055,1.2076454901907283
302590.8744342087,4123944.9020708995,1.2094254901382249
302590.89211204415,4123944.948841531,1.2113413120167273
302590.90970024205,4123944.9956459412,1.2133699444710722
302590.92719345394,4123945.042485933,1.2154694481183088
302590.9445882861,4123945.089362547,1.217570436092875
302590.96188459336,4123945.1362756053,1.219601409554292
302590.97908558673,4123945.183223698,1.221519407503297
302590.99619650317,4123945.230204698,1.2233010139465736
302591.0132236919,4123945.277216112,1.2249360059417123
302591.0301739959,4123945.3242553053,1.226422829594093
302591.0470543429,4123945.371319651,1.227765523335289
302591.0638714826,4123945.418406622,1.2289715128311218
302591.0806318245,4123945.465513842,1.2300501101980292
302591.0973413473,4123945.5126391137,1.2310115277546922
302591.1140055558,4123945.5597804296,1.2318661982817611
302591.13062946836,4123945.606935972,1.232624328773023
302591.1472176263,4123945.6541041043,1.2332956662438472
302591.16377411503,4123945.701283363,1.2338892986730248
302591.1803025938,4123945.7484724424,1.2344136288587857
302591.19680632796,4123945.7956701824,1.234876309408625
302591.21328822285,4123945.8428755533,1.2352842854312804
302591.22975085775,4123945.8900876446,1.2356438042530404
302591.246196518,4123945.9373056516,1.2359604569649867
302591.2626272259,4123945.9845288643,1.236239235851895
302591.2790447682,4123946.0317566553,1.2364845957898367
302591.2954507223,4123946.0789884734,1.2367004759566154
302591.31184647966,4123946.1262238324,1.236890378442982
302591.32823326654,4123946.173462304,1.2370574033069532
302591.3446121633,4123946.220703512,1.2372042681514555
302591.36098412174,4123946.267947125,1.2373334069427047
302591.3773499791,4123946.3151928517,1.237446940604131
302591.3937104725,4123946.3624404366,1.2375467327223515
302591.41006625077,4123946.4096896537,1.2376344630813814
302591.4264178838,4123946.4569403054,1.2377115667308012
302591.4427658735,4123946.5041922177,1.2377793400215842
302591.45911066077,4123946.551445238,1.2378389037089441
302591.4754526335,4123946.5986992316,1.2378912491620804
302591.4917921327,4123946.645954081,1.237937247496961
302591.5081294583,4123946.6932096817,1.237977672937118
302591.5244648735,4123946.740465943,1.238013188511186
302591.5407986102,4123946.7877227836,1.238044410776873
302591.5571308716,4123946.834980135,1.2380718386871676
302591.5734618368,4123946.882237934,1.2380959343688251
302591.5897916633,4123946.9294961267,1.2381171079107256
302591.6061204891,4123946.976754665,1.2381357176864825
302591.62244843546,4123947.024013507,1.2381520672507325
302591.63877560914,4123947.0712726163,1.2381664299299575
302591.6551021041,4123947.11853196,1.2381790437788267
302591.67142800294,4123947.1657915097,1.238190123485068
302591.68775337806,4123947.21305124,1.2381998595283625
302591.7040782932,4123947.2603111295,1.2382084115191334
302591.72040280415,4123947.3075711587,1.2382159181614867
302591.73672696017,4123947.35483131,1.2382225149168433
302591.75305080455,4123947.4020915693,1.2382283157017084
302591.7693743749,4123947.4493519235,1.2382334418749994
302591.78569770284,4123947.496612361,1.238237897317003
302591.8020208202,4123947.5438728714,1.2382418130292472
302591.8183437525,4123947.5911334455,1.2382452520510387
302591.8346665223,4123947.638394076,1.2382482746420567
302591.85098914924,4123947.6856547557,1.238250931998296
302591.8673116506,4123947.7329154788,1.2382532599104694
302591.883634042,4123947.78017624,1.2382553012932118
302591.8999563368,4123947.8274370343,1.2382570938771187
302591.91627854697,4123947.874697858,1.2382586640712108
302591.9326006829,4123947.9219587073,1.2382600498669023
302591.9489227534,4123947.9692195794,1.2382612526254777
302591.965244767,4123948.016480471,1.2382623147398626
302591.9815667304,4123948.06374138,1.2382632458525276
302591.9978886499,4123948.111002304,1.2382640638304796
302592.01421053056,4123948.1582632414,1.2382647780552427
302592.0305323775,4123948.2055241903,1.238265405871918
302592.0468541949,4123948.25278515,1.2382659502641593
302592.0631759864,4123948.300046118,1.2382664352358723
302592.07949775516,4123948.3473070944,1.2382668563290422
302592.0958195039,4123948.3945680773,1.2382672292664518
302592.112141235,4123948.4418290663,1.2382675606503784
302592.12846295047,4123948.489090061,1.2382678408383783
302592.14478465274,4123948.53635106,1.2382680885369304
302592.1611063432,4123948.583612063,1.2382683106657277
302592.17742802337,4123948.63087307,1.2382684942247806
302592.1937496946,4123948.6781340796,1.2382686662580327
302592.2100713579,4123948.7253950923,1.2382688091029845
302592.2263930144,4123948.7726561073,1.2382689346028353
302592.24271466496,4123948.819917124,1.2382690490988737
302592.2590363101,4123948.867178143,1.2382691473501928
302592.2753579505,4123948.914439163,1.2382692420393662
302592.2916795865,4123948.961700185,1.2382693160822942
302592.3080012191,4123949.0089612086,1.2382693763422705
302592.3243228487,4123949.0562222325,1.238269436080239
302592.3406444756,4123949.103483258,1.2382694842360205
302592.3569661001,4123949.1507442836,1.2382695362713172
302592.37328772235,4123949.1980053107,1.2382695736842895
302592.3896093426,4123949.245266338,1.2382696116756313
302592.4059309612,4123949.292527366,1.2382696455264535
302592.42225257814,4123949.3397883945,1.2382696716746044
302592.43857419386,4123949.3870494235,1.2382696956219923
302592.4548958085,4123949.434310453,1.2382697165292424
302592.471217422,4123949.4815714825,1.2382697360751038
302592.4875390346,4123949.5288325124,1.2382697567213468
302592.50386064633,4123949.576093543,1.2382697773675897
302592.5201822571,4123949.6233545737,1.238269793873314
302592.536503867,4123949.6706156046,1.2382698145195568
302592.552825476,4123949.717876636,1.2382698340654177
302592.5691470841,4123949.765137668,1.2382698538722874
302592.58546869113,4123949.8123986996,1.2382698756189117
302592.6017902972,4123949.859659732,1.2382698984659175
302592.6181119022,4123949.9069207646,1.2382699257144498
302592.63443350594,4123949.954181798,1.2382699510232287
302592.65075510833,4123950.001442831,1.2382699857134232
302592.6670767092,4123950.048703865,1.2382700173634824
302592.6833983086,4123950.0959648998,1.238270057555585
302592.69971990614,4123950.1432259353,1.2382701002094614
302592.7160415016,4123950.1904869713,1.2382701514053809
302592.7323630947,4123950.237748008,1.2382702061634576
302592.74868468504,4123950.2850090456,1.2382702747044734
302592.76500627224,4123950.3322700844,1.2382703542493065
302592.7813278557,4123950.3795311246,1.2382704425971944
302592.797649435,4123950.426792166,1.2382705397481377
302592.81397100963,4123950.474053209,1.2382706539831598
302592.830292579,4123950.5213142545,1.2382707753425073
302592.8466141425,4123950.568575301,1.2382709234283518
302592.86293569906,4123950.6158363507,1.2382710979233644
302592.8792572474,4123950.663097403,1.2382712963657627
302592.8955787863,4123950.7103584586,1.2382715176551633
302592.91190031485,4123950.757619518,1.2382717675545047
302592.92822183145,4123950.804880581,1.2382720584852926
302592.9445433344,4123950.852141649,1.238272382427554
302592.96086482203,4123950.8994027223,1.2382727553649666
302592.977186292,4123950.9466638016,1.2382731753578031
302592.993507742,4123950.9939248874,1.2382736647309782
302593.009829169,4123951.0411859816,1.2382742143641745
302593.02615057,4123951.0884470847,1.2382748542849749
302593.04247194086,4123951.1357081984,1.2382755740116551
302593.05879327765,4123951.182969324,1.2382763941904575
302593.07511457556,4123951.2302304623,1.2382773371462228
302593.09143582906,4123951.2774916166,1.238278404762566
302593.10775703203,4123951.324752788,1.2382796248662338
302593.1240781774,4123951.3720139796,1.2382810087221805
302593.14039925725,4123951.4192751935,1.238282591859787
302593.15672026237,4123951.4665364334,1.2382843921463507
302593.1730411824,4123951.5137977027,1.238286433529266
302593.18936200585,4123951.561059005,1.238288764742472
302593.2056827192,4123951.6083203456,1.238291426239109
302593.22200330684,4123951.65558173,1.238294442488991
302593.23832375184,4123951.702843163,1.238297889213279
302593.25464403396,4123951.7501046527,1.2383018104276282
302593.2709641307,4123951.797366206,1.2383062689095736
302593.28728401684,4123951.8446278325,1.2383113504899455
302593.30360366264,4123951.8918895414,1.2383171336678627
302593.31992303533,4123951.9391513453,1.238323714439409
302593.3362420969,4123951.9864132563,1.2383311957737404
302593.35256080487,4123952.0336752892,1.2383397260177607
302593.3688791097,4123952.0809374615,1.2383494218682771
302593.3851969563,4123952.128199792,1.238360453680595
302593.4015142814,4123952.1754623023,1.2383730149716035
302593.417831013,4123952.222725018,1.2383872994674778
302593.43414706935,4123952.2699879664,1.2384036239842722
302593.4504623542,4123952.317251181,1.2384222720107656
302593.46677675773,4123952.3645147006,1.2384433717734684
302593.48309016385,4123952.4117785636,1.2384673964498796
302593.4994024347,4123952.459042819,1.2384947213922832
302593.5157134138,4123952.50630752,1.238525810135803
302593.5320229236,4123952.553572728,1.2385611960697311
302593.5483307609,4123952.600838513,1.2386014433982813
302593.56463669584,4123952.6481049545,1.2386472223267022
302593.58094046696,4123952.6953721424,1.2386993103802322
302593.59724177606,4123952.7426401796,1.2387585508524754
302593.61354028486,4123952.789909182,1.2388259312872576
302593.6298356086,4123952.8371792827,1.23890254324884
302593.6461273109,4123952.8844506317,1.238989648662818
302593.6624148955,4123952.9317233996,1.2390886671747072
302593.67869779916,4123952.97899778,1.2392011909927647
302593.69497538323,4123953.0262739924,1.2393290325131692
302593.7112469233,4123953.0735522853,1.239474217985839
302593.7275115991,4123953.12083294,1.2396390254996879
302593.7437684824,4123953.1681162748,1.2398260136054724
302593.760016524,4123953.2154026483,1.2400380210435984
302593.77625454013,4123953.2626924654,1.2402782171119373
302593.792481197,4123953.3099861816,1.2405500647943983
302593.8086949965,4123953.357284307,1.2408573727802639
302593.82489426015,4123953.4045874127,1.241204250880553
302593.8410771144,4123953.4518961348,1.2415950811672678
302593.85724147764,4123953.4992111777,1.2420344375825132
302593.8733850511,4123953.546533318,1.2425269646220845
302593.88950531505,4123953.593863403,1.2430771576923267
302593.90559953585,4123953.64120235,1.2436890338042792
302593.9216647878,4123953.6885511354,1.244365697606336
302593.9376979968,4123953.7359107803,1.2451085884480206
302593.9536960181,4123953.7832823223,1.2459164894837687
302593.96965576254,4123953.8306667735,1.2467840629753086
302593.98557439115,4123953.878065052,1.247699775867398
302594.0014496099,4123953.9254778875,1.2486429201376232
302594.0172801042,4123953.972905674,1.2495795244668433
302594.0330661706,4123954.0203482667,1.2504807721607862
302594.0488094733,4123954.067805068,1.2513294486256294
302594.0645124949,4123954.1152752135,1.252116341141781
302594.0801781579,4123954.1627577012,1.2528376358557918
302594.09580956824,4123954.210251477,1.2534930732258536
302594.11140984605,4123954.257755488,1.2540846967949295
302594.1269820169,4123954.305268721,1.254615930099669
302594.142528945,4123954.35279022,1.2550909570299609
302594.1580532975,4123954.4003190994,1.2555143308629915
302594.1735575262,4123954.4478545473,1.2558906696832093
302594.1890438644,4123954.4953958266,1.256224487005031
302594.2045143316,4123954.542942273,1.2565200795135982
302594.2199707439,4123954.5904932907,1.2567814455974795
302594.23541472753,4123954.6380483466,1.2570122904649133
302594.2508477328,4123954.6856069663,1.2572159864952095
302594.2662710503,4123954.7331687286,1.2573955880875773
302594.28168582555,4123954.780733261,1.2575538392252703
302594.29709307326,4123954.828300231,1.257693220760725
302594.31249369105,4123954.875869349,1.2578159124953876
302594.32788847224,4123954.923440356,1.257923890641023
302594.34327811684,4123954.971013025,1.258018886809184
302594.35866324214,4123955.0185871557,1.2581024423625435
302594.37404439226,4123955.066162572,1.2581759164231348
302594.38942204684,4123955.113739118,1.2582405129185394
302594.4047966281,4123955.1613166574,1.2582973013629313
302594.4201685074,4123955.2088950695,1.2583472265514517
302594.4355380114,4123955.2564742495,1.258391100977506
302594.4509054278,4123955.3040541033,1.2584296672570117
302594.46627100924,4123955.35163455,1.2584635609114594
302594.4816349781,4123955.3992155176,1.258493340193182
302594.49699752993,4123955.4467969425,1.2585195063933678
302594.5123588367,4123955.4943787693,1.2585425023648342
302594.52771904937,4123955.5419609495,1.258562700799707
302594.5430783009,4123955.58954344,1.2585804451235336
302594.55843670806,4123955.6371262027,1.2585960404486767
302594.57379437325,4123955.6847092053,1.2586097388087605
302594.5891513865,4123955.732292418,1.2586217799510957
302594.60450782697,4123955.779875816,1.2586323530421797
302594.6198637642,4123955.827459376,1.2586416444688229
302594.6352192594,4123955.875043079,1.2586498006538827
302594.6505743664,4123955.9226269065,1.2586569652391777
302594.66592913255,4123955.9702108447,1.258663264705687
302594.681283599,4123956.0177948796,1.2586687922978166
302594.69663780223,4123956.065378999,1.2586736500201268
302594.71199177444,4123956.112963193,1.258677913210036
302594.72734554386,4123956.160547453,1.2586816584934173
302594.742699135,4123956.20813177,1.2586849465215304
302594.7580525696,4123956.2557161376,1.2586878357296782
302594.7734058668,4123956.3033005497,1.2586903708982278
302594.7887590433,4123956.3508850005,1.2586925944877552
302594.8041121141,4123956.398469486,1.2586945468470876
302594.819465092,4123956.446054001,1.2586962613935306
302594.83481798816,4123956.493638542,1.2586977693284955
302594.8501708126,4123956.5412231064,1.2586990950260761
302594.86552357406,4123956.5888076914,1.2587002612884148
302594.8808762801,4123956.6363922944,1.2587012745832677
302594.89622893767,4123956.6839769124,1.2587021764427255
302594.91158155253,4123956.731561545,1.2587029603239344
302594.92693412997,4123956.779146189,1.2587036465288104
302594.9422866748,4123956.8267308436,1.2587042510322861
302594.9576391909,4123956.8743155077,1.2587047771581183
302594.9729916819,4123956.9219001797,1.258705243920559
302594.98834415077,4123956.969484859,1.258705645600363
302595.0036966005,4123957.0170695446,1.25870599946008
302595.0190490333,4123957.0646542353,1.2587063145426873
302595.0344014512,4123957.112238931,1.258706587344793
302595.0497538561,4123957.159823631,1.2587068306972673
302595.0651062494,4123957.2074083346,1.2587070434921928
302595.0804586326,4123957.2549930415,1.2587072301612405
302595.0958110069,4123957.302577751,1.2587073991036022
302595.1111633732,4123957.3501624637,1.2587075379525676
302595.12651573285,4123957.397747178,1.25870765685901
302595.1418680868,4123957.4453318943,1.2587077669021083
302595.1572204356,4123957.4929166124,1.2587078607905915
302595.17257277993,4123957.540501332,1.2587079435998938
302595.18792512035,4123957.588086053,1.2587080191179276
302595.2032774571,4123957.6356707746,1.2587080857726167
302595.21862979064,4123957.6832554974,1.2587081391322879
302595.2339821217,4123957.730840221,1.2587081869523677
302595.2493344505,4123957.7784249457,1.2587082319128535
302595.26468677714,4123957.8260096707,1.2587082635783209
302595.28003910225,4123957.8735943963,1.2587082952437885
302595.29539142584,4123957.9211791223,1.2587083286609304
302595.310743748,4123957.968763849,1.2587083508192956
302595.32609606895,4123958.016348576,1.258708372977661
302595.34144838876,4123958.063933303,1.2587083986393746
302595.3568007075,4123958.111518031,1.2587084141502305
302595.37215302547,4123958.159102759,1.2587084369523516
302595.38750534237,4123958.206687487,1.2587084491394527
302595.4028576586,4123958.2542722155,1.258708461970309
302595.41820997436,4123958.3018569443,1.2587084741574104
302595.43356228946,4123958.349441673,1.25870849141994
302595.4489146038,4123958.3970264024,1.2587085047149598
302595.46426691744,4123958.4446111317,1.258708521977489
302595.4796192303,4123958.4921958614,1.258708535272509
302595.4949715425,4123958.539780591,1.2587085514271197
302595.510323854,4123958.5873653213,1.2587085691538131
302595.52567616454,4123958.6349500515,1.2587085908480156
302595.5410284741,4123958.682534782,1.2587086085747092
302595.55638078274,4123958.730119513,1.258708637560175
302595.57173309015,4123958.7777042445,1.2587086630422974
302595.5870853962,4123958.825288976,1.2587086964594363
302595.60243770084,4123958.8728737086,1.2587087274811513
302595.61779000383,4123958.920458441,1.2587087697616368
302595.6331423049,4123958.9680431746,1.2587088169379623
302595.64849460364,4123959.0156279085,1.258708876480975
302595.6638468997,4123959.063212644,1.2587089369523226
302595.67919919273,4123959.1107973796,1.258709009790356
302595.6945514824,4123959.158382117,1.2587090908479877
302595.7099037681,4123959.205966855,1.258709187596058
302595.7252560493,4123959.253551595,1.2587092969954028
302595.7406083252,4123959.3011363363,1.2587094265168577
302595.7559605951,4123959.34872108,1.258709574229184
302595.7713128578,4123959.3963058256,1.258709744279455
302595.7866651125,4123959.443890574,1.2587099393476797
302595.80201735796,4123959.4914753255,1.258710160362217
302595.8173695927,4123959.53906008,1.2587104194051137
302595.8327218154,4123959.586644839,1.2587107015347556
302595.8480740244,4123959.634229602,1.258711040527369
302595.86342621746,4123959.68181437,1.2587114182971537
302595.87877839245,4123959.729399144,1.2587118611495223
302595.8941305464,4123959.776983925,1.2587123644732683
302595.90948267636,4123959.8245687135,1.2587129434945827
302595.9248347789,4123959.8721535113,1.2587136051456818
302595.9401868498,4123959.919738319,1.2587143613289804
302595.95553888474,4123959.967323138,1.2587152264474282
302595.9708908786,4123960.0149079706,1.2587162120444637
302595.98624282546,4123960.062492818,1.2587173455333216
302596.0015947185,4123960.1100776833,1.2587186378137873
302596.01694654993,4123960.157662568,1.2587201140832132
302596.0322983112,4123960.2052474758,1.2587217969643134
302596.0476499923,4123960.252832409,1.2587237271652902
302596.0630015816,4123960.300417372,1.2587259301683567
302596.0783530661,4123960.348002369,1.2587284381033468
302596.0937044312,4123960.3955874043,1.2587313000774023
302596.1090556602,4123960.4431724837,1.2587345619798584
302596.1244067339,4123960.490757613,1.2587382895366648
302596.13975763024,4123960.5383427995,1.2587425387877005
302596.15510832437,4123960.5859280513,1.2587473858945966
302596.1704587879,4123960.6335133775,1.258752910807293
302596.18580898846,4123960.6810987885,1.2587591996588243
302596.20115888974,4123960.728684296,1.2587663742147064
302596.2165084497,4123960.7762699137,1.2587745432313644
302596.2318576209,4123960.8238556567,1.2587838501682924
302596.2472063492,4123960.8714415426,1.258794458892612
302596.2625545728,4123960.9190275916,1.2588065443511263
302596.2779022212,4123960.966613826,1.2588203071514863
302596.2932492146,4123961.014200271,1.2588359791012658
302596.3085954623,4123961.061786957,1.2588538306093255
302596.32394086046,4123961.109373917,1.2588741607802119
302596.3392852913,4123961.156961189,1.2588972998544747
302596.35462862084,4123961.2045488157,1.2589236549387373
302596.3699706963,4123961.252136847,1.2589536625264772
302596.38531134377,4123961.299725339,1.2589878181870902
302596.4006503658,4123961.3473143545,1.2590267025150093
302596.41598753724,4123961.394903966,1.259070973545611
302596.431322602,4123961.4424942574,1.2591213649550397
302596.4466552685,4123961.490085321,1.259178724132188
302596.4619852051,4123961.537677264,1.2592440173695592
302596.4773120344,4123961.585270208,1.2593183306347282
302596.49263532675,4123961.6328642904,1.2594029158502633
302596.5079545933,4123961.680459669,1.2594991853135336
302596.5232692778,4123961.728056522,1.2596087535083211
302596.5385787472,4123961.775655053,1.2597334410674477
302596.5538822814,4123961.8232554924,1.2598753449106783
302596.56917906087,4123961.870858103,1.26003682051181
302596.5844681533,4123961.9184631826,1.2602205677071752
302596.5997484983,4123961.966071071,1.2604296386344145
302596.6150188895,4123962.013682153,1.2606675084888466
302596.6302779549,4123962.061296866,1.260938117482565
302596.64552413486,4123962.108915706,1.26124594229542
302596.6607556557,4123962.156539237,1.2615960565014182
302596.675970502,4123962.204168098,1.261994200657224
302596.69116638385,4123962.2518030126,1.2624468788157197
302596.70634070074,4123962.2994448007,1.262961449968719
302596.72149050044,4123962.3470943905,1.2635462102923418
302596.7366124338,4123962.3947528307,1.2642105138182296
302596.751702704,4123962.4424213055,1.2649648701560825
302596.76675701066,4123962.4901011493,1.2658210618810342
302596.78177048854,4123962.5377938645,1.2667922451002145
302596.7967376406,4123962.5855011367,1.267893064259217
302596.811652266,4123962.6332248547,1.2691396995635562
302596.8265073854,4123962.6809671274,1.2705499053370235
302596.84129516303,4123962.7287302995,1.2721430168958285
302596.85600682907,4123962.776516967,1.2739397671757
302596.8706326098,4123962.8243299876,1.2759620506232277
302596.88516166824,4123962.8721724846,1.2782324253764374
302596.8995820678,4123962.920047841,1.2807733099186145
302596.91388077365,4123962.9679596783,1.28360574536719
302596.9280437137,4123963.0159118185,1.2867474961876018
302596.94205592875,4123963.063908213,1.290210289165174
302596.955901857,4123963.111952835,1.2939958034653336
302596.96956581133,4123963.160049522,1.2980898969188746
302596.98303273827,4123963.2082017427,1.302454448200989
302596.9962893743,4123963.2564122803,1.3070158625608208
302597.00932596525,4123963.304682786,1.3116489305156014
302597.0221387782,4123963.3530131793,1.316171388359724
302597.03473289084,4123963.4014010318,1.320471257353148
302597.04711882846,4123963.4498425983,1.3244849759738164
302597.0593102379,4123963.4983334956,1.3281819106560144
302597.07132229843,4123963.546869139,1.331553302777935
302597.0831706596,4123963.5954450094,1.3346046142043306
302597.0948707467,4123963.6440568105,1.3373500897785795
302597.1064373281,4123963.6927005537,1.3398090994465512
302597.1178842598,4123963.7413725946,1.3420035799181735
302597.12922435446,4123963.7900696397,1.3439698531834363
302597.1404686757,4123963.838788889,1.3457077211478077
302597.15162831225,4123963.887527605,1.3472400121401844
302597.16271325375,4123963.9362833635,1.3485960191317552
302597.1737320718,4123963.985054108,1.349794600549419
302597.18469242624,4123964.033838024,1.3508530209424252
302597.1956011407,4123964.0826335135,1.3517869399233409
302597.20646427927,4123964.1314391694,1.3526104781544752
302597.21728722093,4123964.1802537553,1.3533363047416382
302597.2280747289,4123964.2290761843,1.3539757357707787
302597.23883101606,4123964.277905501,1.354538868183772
302597.2495598042,4123964.3267408675,1.3550346576538406
302597.2602643791,4123964.3755815476,1.355471055250684
302597.2709476389,4123964.424426894,1.3558551118187594
302597.2816121386,4123964.4732763404,1.3561930419703967
302597.29226013,4123964.5221293876,1.3564903520406577
302597.3028935965,4123964.570985599,1.356751893901241
302597.3135142847,4123964.6198445894,1.3569819515693324
302597.3241237322,4123964.668706022,1.357184294811441
302597.3347232927,4123964.7175696003,1.3573622600022972
302597.345314157,4123964.7664350644,1.357518771625628
302597.3558973733,4123964.8153021857,1.3576564061712337
302597.36647386354,4123964.8641707627,1.3577774437700785
302597.37704443885,4123964.91304062,1.357883874659457
302597.3876098129,4123964.961911602,1.3579774607726636
302597.39817061316,4123965.010783572,1.3580597504289356
302597.40872739174,4123965.0596564114,1.358132107490038
302597.4192806341,4123965.1085300148,1.3581957193366683
302597.42983076733,4123965.1574042886,1.3582516534522018
302597.4403781669,4123965.206279153,1.3583008282519269
302597.4509231631,4123965.255154536,1.3583440586005355
302597.4614660463,4123965.3040303746,1.3583820668735787
302597.47200707183,4123965.352906614,1.3584154763513931
302597.4825464644,4123965.4017832056,1.3584448493765056
302597.4930844214,4123965.4506601067,1.3584706707075496
302597.50362111634,4123965.4995372803,1.3584933614908254
302597.5141567021,4123965.5484146923,1.3585133068511004
302597.52469131304,4123965.5972923147,1.358530837520613
302597.5352250672,4123965.646170122,1.358546237574156
302597.54575806845,4123965.695048091,1.3585597792736088
302597.5562904079,4123965.743926203,1.3585716801778265
302597.56682216574,4123965.7928044405,1.3585821331242582
302597.5773534125,4123965.8416827875,1.3585913196449044
302597.5878842104,4123965.890561232,1.3585993891372454
302597.5984146138,4123965.939439761,1.3586064800074844
302597.6089446706,4123965.9883183646,1.3586127051157915
302597.6194744231,4123966.037197034,1.3586181776370754
302597.6300039082,4123966.086075761,1.3586229803339525
302597.64053315844,4123966.134954538,1.3586271995766428
302597.6510622025,4123966.18383336,1.3586309036479913
302597.6615910656,4123966.2327122213,1.3586341525497359
302597.6721197698,4123966.2815911165,1.3586370036925375
302597.6826483346,4123966.3304700414,1.3586395087967167
302597.693176777,4123966.379348993,1.3586417088321008
302597.70370511187,4123966.4282279676,1.3586436402163877
302597.7142333523,4123966.4771069624,1.3586453304557016
302597.72476151015,4123966.5259859753,1.358646809769566
302597.7352895957,4123966.5748650036,1.358648110216261
302597.7458176177,4123966.623744046,1.3586492517729152
302597.7563455838,4123966.6726230998,1.3586502505649924
302597.7668735012,4123966.7215021644,1.3586511262545282
302597.77740137576,4123966.7703812383,1.3586518902220763
302597.78792921297,4123966.81926032,1.358652564913592
302597.79845701717,4123966.868139409,1.3586531557041914
302597.80898479256,4123966.9170185043,1.3586536689144648
302597.8195125428,4123966.965897605,1.358654122945865
302597.8300402709,4123967.0147767104,1.3586545119155604
302597.84056797996,4123967.0636558197,1.3586548565010952
302597.8510956722,4123967.112534933,1.3586551627079164
302597.8616233494,4123967.161414049,1.3586554259838026
302597.8721510138,4123967.210293168,1.3586556565712555
302597.8826786669,4123967.2591722896,1.358655857569259
302597.8932063102,4123967.3080514134,1.3586560349832757
302597.90373394487,4123967.356930539,1.3586561899513634
302597.9142615719,4123967.405809666,1.3586563244344463
302597.92478919233,4123967.4546887944,1.358656446398914
302597.93531680683,4123967.5035679243,1.358656551292542
302597.9458444163,4123967.5524470555,1.3586566351934908
302597.9563720215,4123967.601326187,1.3586567130889677
302597.966899623,4123967.6502053197,1.3586567841561081
302597.977427221,4123967.6990844533,1.3586568407437143
302597.98795481626,4123967.7479635873,1.3586568916410409
302597.998482409,4123967.7968427218,1.3586569391241992
302598.0090099994,4123967.8457218567,1.3586569763648533
302598.019537588,4123967.894600992,1.3586570090532828
302598.03006517503,4123967.943480128,1.3586570352285725
302598.0405927607,4123967.992359264,1.3586570599506094
302598.05112034525,4123968.0412384,1.358657081573675
302598.06164792867,4123968.0901175365,1.3586571028815435
302598.0721755111,4123968.1389966733,1.3586571176762727
302598.0827030928,4123968.18787581,1.3586571344319167
302598.0932306737,4123968.2367549473,1.3586571469505337
302598.103758254,4123968.2856340846,1.3586571560549825
302598.1142858338,4123968.334513222,1.3586571651594315
302598.12481341313,4123968.383392359,1.3586571739486824
302598.1353409921,4123968.432271497,1.3586571788161046
302598.1458685708,4123968.481150634,1.3586571876053557
302598.1563961491,4123968.530029772,1.35865719215758
302598.16692372714,4123968.5789089096,1.3586571944336923
302598.1774513051,4123968.6277880473,1.3586571978478605
302598.18797888287,4123968.676667185,1.3586572001239727
302598.1985064605,4123968.7255463228,1.3586572046761973
302598.20903403795,4123968.7744254605,1.3586572069523095
302598.21956161526,4123968.823304598,1.3586572100512797
302598.2300891925,4123968.8721837364,1.35865721264259
302598.24061676953,4123968.921062874,1.35865721264259
302598.25114434655,4123968.969942012,1.358657214603504
302598.26167192357,4123969.01882115,1.35865721264259
302598.2721995006,4123969.067700288,1.3586572157415602
302598.28272707755,4123969.116579426,1.3586572149187024
302598.29325465445,4123969.1654585637,1.3586572180176724
302598.3037822313,4123969.214337702,1.3586572149187024
302598.3143098082,4123969.2632168396,1.3586572160567585
302598.32483738504,4123969.3120959774,1.3586572191557285
302598.3353649618,4123969.3609751156,1.3586572183328707
302598.34589253855,4123969.4098542533,1.3586572202937846
302598.3564201153,4123969.4587333915,1.3586572183328707
302598.366947692,4123969.507612529,1.3586572214318409
302598.3774752687,4123969.5564916674,1.3586572194709268
302598.38800284534,4123969.605370805,1.3586572202937846
302598.39853042207,4123969.6542499433,1.3586572183328707
302598.4090579988,4123969.703129081,1.3586572214318409
302598.41958557547,4123969.7520082192,1.3586572202937846
302598.4301131522,4123969.8008873574,1.3586572183328707
302598.4406407289,4123969.849766495,1.3586572202937846
302598.45116830565,4123969.8986456334,1.3586572183328707
302598.4616958824,4123969.947524771,1.3586572214318409
302598.47222345904,4123969.9964039093,1.3586572183328707
302598.4827510358,4123970.045283047,1.3586572202937846
302598.4932786125,4123970.094162185,1.3586572194709268
302598.50380618917,4123970.143041323,1.3586572202937846
302598.5143337659,4123970.191920461,1.3586572194709268
302598.52486134256,4123970.240799599,1.3586572202937846
302598.5353889193,4123970.289678737,1.3586572183328707
302598.545916496,4123970.338557875,1.3586572202937846
302598.55644407275,4123970.387437013,1.3586572202937846
