302465.1347160946,4123715.459584971,1.0672354034190414
302465.1588434694,4123715.503378461,1.0672354034190414
302465.1829708442,4123715.5471719513,1.067235404438688
302465.20709821896,4123715.5909654414,1.0672354130113484
302465.2312255935,4123715.634758932,1.0672354064779814
302465.2553529681,4123715.678552422,1.0672354034190414
302465.2794803429,4123715.7223459124,1.067235404438688
302465.3036077177,4123715.7661394025,1.0672354089327618
302465.32773509243,4123715.809932893,1.0672354034190414
302465.35186246724,4123715.8537263833,1.067235407497628
302465.3759898418,4123715.8975198735,1.0672354109720552
302465.40011721646,4123715.941313364,1.067235404438688
302465.4242445912,4123715.9851068542,1.067235404438688
302465.44837196596,4123716.0289003444,1.0672354034190414
302465.4724993408,4123716.0726938345,1.0672354034190414
302465.4966267156,4123716.1164873247,1.0672354130113484
302465.5207540901,4123716.1602808153,1.067235407497628
302465.5448814647,4123716.2040743055,1.0672354034190414
302465.5690088395,4123716.2478677956,1.0672354034190414
302465.5931362143,4123716.291661286,1.067235404438688
302465.61726358905,4123716.335454776,1.0672354089327618
302465.6413909638,4123716.3792482666,1.067235407497628
302465.6655183384,4123716.4230417567,1.0672354064779814
302465.689645713,4123716.466835247,1.0672354034190414
302465.71377308783,4123716.510628737,1.0672354089327618
302465.7379004626,4123716.5544222277,1.067235404438688
302465.76202783734,4123716.598215718,1.0672354034190414
302465.78615521215,4123716.642009208,1.067235407497628
302465.8102825867,4123716.685802698,1.0672354119917018
302465.8344099613,4123716.7295961888,1.067235404438688
302465.85853733605,4123716.773389679,1.0672354034190414
302465.88266471087,4123716.817183169,1.0672354034190414
302465.9067920857,4123716.860976659,1.067235404438688
302465.9309194604,4123716.9047701494,1.0672354119917018
302465.955046835,4123716.94856364,1.067235407497628
302465.9791742096,4123716.99235713,1.0672354034190414
302466.0033015844,4123717.0361506203,1.067235404438688
302466.02742895915,4123717.0799441105,1.0672354034190414
302466.05155633396,4123717.1237376006,1.0672354119917018
302466.07568370854,4123717.1675310913,1.067235407497628
302466.0998110831,4123717.2113245814,1.0672354034190414
302466.1239384579,4123717.2551180716,1.067235404438688
302466.1480658327,4123717.2989115617,1.0672354089327618
302466.1721932074,4123717.3427050523,1.0672354034190414
302466.19632058224,4123717.3864985425,1.067235407497628
302466.2204479568,4123717.4302920327,1.0672354109720552
302466.24457533145,4123717.4740855233,1.067235404438688
302466.2687027062,4123717.5178790134,1.067235404438688
302466.29283008096,4123717.5616725036,1.0672354034190414
302466.31695745577,4123717.6054659938,1.067235404438688
302466.3410848305,4123717.649259484,1.0672354119917018
302466.3652122051,4123717.6930529745,1.067235407497628
302466.3893395797,4123717.7368464647,1.0672354034190414
302466.4134669545,4123717.780639955,1.067235404438688
302466.43759432924,4123717.824433445,1.0672354034190414
302466.46172170405,4123717.868226935,1.0672354089327618
302466.4858490788,4123717.912020426,1.067235407497628
302466.5099764534,4123717.955813916,1.0672354064779814
302466.534103828,4123717.999607406,1.067235404438688
302466.55823120277,4123718.0434008962,1.0672354079131152
302466.5823585776,4123718.087194387,1.067235404438688
302466.60648595233,4123718.130987877,1.067235404438688
302466.6306133271,4123718.174781367,1.0672354064779814
302466.6547407017,4123718.2185748573,1.0672354119917018
302466.6788680763,4123718.262368348,1.067235404438688
302466.70299545105,4123718.306161838,1.067235404438688
302466.7271228258,4123718.3499553283,1.0672354034190414
302466.7512502006,4123718.3937488184,1.0672354034190414
302466.7753775754,4123718.4375423086,1.0672354119917018
302466.79950495,4123718.481335799,1.067235407497628
302466.8236323246,4123718.5251292894,1.067235404438688
302466.84775969933,4123718.5689227795,1.0672354034190414
302466.87188707414,4123718.6127162697,1.067235404438688
302466.8960144489,4123718.65650976,1.0672354079131152
302466.9201418237,4123718.7003032505,1.067235407497628
302466.9442691983,4123718.7440967406,1.0672354064779814
302466.9683965729,4123718.787890231,1.0672354089327618
302466.9925239477,4123718.8316837214,1.067235404438688
302467.0166513224,4123718.8754772115,1.067235404438688
302467.0407786972,4123718.9192707017,1.0672354034190414
302467.064906072,4123718.963064192,1.0672354064779814
302467.0890334466,4123719.006857682,1.0672354119917018
302467.1131608212,4123719.0506511726,1.067235404438688
302467.13728819595,4123719.094444663,1.067235404438688
302467.1614155707,4123719.138238153,1.0672354034190414
302467.1855429455,4123719.182031643,1.067235404438688
302467.20967032027,4123719.2258251333,1.0672354119917018
302467.23379769485,4123719.269618624,1.0672354064779814
302467.2579250695,4123719.313412114,1.067235404438688
302467.28205244424,4123719.357205604,1.067235404438688
302467.306179819,4123719.4009990944,1.0672354079131152
302467.3303071938,4123719.444792585,1.067235407497628
302467.3544345684,4123719.488586075,1.0672354064779814
302467.378561943,4123719.5323795653,1.067235404438688
302467.40268931777,4123719.5761730555,1.0672354089327618
302467.4268166925,4123719.619966546,1.067235404438688
302467.45094406727,4123719.663760036,1.0672354034190414
302467.4750714421,4123719.7075535264,1.0672354064779814
302467.4991988167,4123719.7513470165,1.0672354119917018
302467.5233261913,4123719.795140507,1.067235404438688
302467.54745356605,4123719.8389339973,1.067235404438688
302467.5715809408,4123719.8827274875,1.0672354034190414
302467.5957083156,4123719.9265209776,1.0672354034190414
302467.6198356904,4123719.970314468,1.0672354119917018
302467.643963065,4123720.0141079584,1.067235407497628
302467.6680904396,4123720.0579014486,1.067235404438688
302467.6922178143,4123720.1016949387,1.0672354034190414
302467.71634518914,4123720.145488429,1.067235404438688
302467.7404725639,4123720.189281919,1.0672354089327618
302467.76459993864,4123720.2330754097,1.0672354064779814
302467.7887273133,4123720.2768689,1.0672354064779814
302467.8128546879,4123720.32066239,1.0672354099524084
302467.8369820626,4123720.3644558806,1.067235404438688
302467.86110943736,4123720.4082493708,1.0672354034190414
302467.8852368122,4123720.452042861,1.0672354034190414
302467.909364187,4123720.495836351,1.0672354064779814
302467.9334915616,4123720.539629841,1.0672354119917018
302467.9576189362,4123720.583423332,1.0672354054583348
302467.9817463109,4123720.627216822,1.0672354034190414
302468.0058736857,4123720.671010312,1.0672354034190414
302468.0300010605,4123720.7148038023,1.067235404438688
302468.05412843527,4123720.7585972925,1.0672354119917018
302468.07825580984,4123720.802390783,1.0672354064779814
302468.1023831845,4123720.8461842733,1.067235404438688
302468.12651055923,4123720.8899777634,1.067235404438688
302468.150637934,4123720.9337712536,1.0672354089327618
302468.17476530874,4123720.977564744,1.0672354034190414
302468.19889268355,4123721.0213582343,1.0672354064779814
302468.2230200582,4123721.0651517245,1.0672354064779814
302468.2471474328,4123721.1089452147,1.0672354099524084
302468.2712748075,4123721.1527387053,1.067235404438688
302468.29540218227,4123721.1965321954,1.0672354034190414
302468.3195295571,4123721.2403256856,1.0672354034190414
302468.3436569319,4123721.2841191757,1.067235407497628
302468.36778430647,4123721.327912666,1.0672354119917018
302468.39191168104,4123721.3717061565,1.067235404438688
302468.4160390558,4123721.4154996467,1.0672354034190414
302468.4401664306,4123721.459293137,1.0672354034190414
302468.4642938054,4123721.503086627,1.067235404438688
302468.48842118017,4123721.546880117,1.0672354119917018
302468.51254855475,4123721.590673608,1.0672354064779814
302468.5366759294,4123721.634467098,1.067235404438688
302468.56080330414,4123721.678260588,1.067235404438688
302468.5849306789,4123721.7220540782,1.0672354089327618
302468.60905805364,4123721.765847569,1.0672354034190414
302468.63318542845,4123721.809641059,1.0672354064779814
302468.6573128031,4123721.853434549,1.067235407497628
302468.68144017766,4123721.8972280393,1.0672354099524084
302468.70556755236,4123721.94102153,1.0672354034190414
302468.72969492717,4123721.98481502,1.0672354034190414
302468.753822302,4123722.0286085103,1.0672354064779814
302468.7779496766,4123722.0724020004,1.0672354119917018
302468.8020770512,4123722.116195491,1.0672354054583348
302468.8262044259,4123722.159988981,1.0672354034190414
302468.8503318007,4123722.2037824714,1.0672354034190414
302468.8744591755,4123722.2475759615,1.067235404438688
302468.89858655026,4123722.2913694517,1.0672354109720552
302468.9227139249,4123722.3351629423,1.067235407497628
302468.9468412995,4123722.3789564325,1.067235404438688
302468.9709686742,4123722.4227499226,1.067235404438688
302468.995096049,4123722.466543413,1.0672354089327618
302469.01922342373,4123722.5103369034,1.0672354034190414
302469.04335079854,4123722.5541303935,1.0672354064779814
302469.0674781732,4123722.5979238837,1.0672354064779814
302469.0916055478,4123722.641717374,1.0672354099524084
302469.1157329225,4123722.6855108645,1.067235404438688
302469.13986029726,4123722.7293043546,1.0672354034190414
302469.1639876721,4123722.773097845,1.0672354034190414
302469.1881150469,4123722.816891335,1.067235407497628
302469.21224242146,4123722.860684825,1.0672354119917018
302469.23636979604,4123722.9044783157,1.067235404438688
302469.2604971708,4123722.948271806,1.0672354034190414
302469.2846245456,4123722.992065296,1.0672354034190414
302469.3087519204,4123723.035858786,1.067235404438688
302469.33287929517,4123723.0796522764,1.0672354119917018
302469.35700666974,4123723.123445767,1.0672354064779814
302469.3811340444,4123723.167239257,1.067235404438688
302469.40526141913,4123723.2110327473,1.067235404438688
302469.4293887939,4123723.2548262374,1.0672354089327618
302469.45351616864,4123723.298619728,1.0672354034190414
302469.47764354345,4123723.342413218,1.0672354064779814
302469.5017709181,4123723.3862067084,1.067235407497628
302469.52589829266,4123723.4300001985,1.0672354099524084
302469.55002566735,4123723.473793689,1.0672354034190414
302469.57415304217,4123723.5175871793,1.0672354034190414
302469.598280417,4123723.5613806695,1.067235404438688
302469.6224077917,4123723.6051741596,1.0672354064779814
302469.64653516636,4123723.64896765,1.0672354119917018
302469.67066254094,4123723.6927611404,1.067235404438688
302469.6947899157,4123723.7365546306,1.0672354034190414
302469.7189172905,4123723.7803481207,1.067235404438688
302469.74304466526,4123723.824141611,1.067235404438688
302469.76717204,4123723.867935101,1.0672354109720552
302469.79129941465,4123723.9117285917,1.0672354064779814
302469.8154267893,4123723.955522082,1.0672354054583348
302469.839554164,4123723.999315572,1.0672354079131152
302469.8636815388,4123724.0431090626,1.067235404438688
302469.88780891354,4123724.0869025527,1.067235404438688
302469.9119362883,4123724.130696043,1.0672354054583348
302469.936063663,4123724.174489533,1.0672354119917018
302469.96019103756,4123724.2182830237,1.0672354054583348
302469.98431841226,4123724.262076514,1.0672354034190414
302470.00844578707,4123724.305870004,1.067235404438688
302470.0325731618,4123724.349663494,1.0672354034190414
302470.05670053663,4123724.3934569843,1.0672354119917018
302470.0808279112,4123724.437250475,1.0672354064779814
302470.10495528585,4123724.481043965,1.067235404438688
302470.1290826606,4123724.5248374552,1.067235404438688
302470.15321003535,4123724.5686309454,1.0672354034190414
302470.17733741016,4123724.6124244356,1.0672354119917018
302470.20146478474,4123724.656217926,1.0672354064779814
302470.2255921594,4123724.7000114163,1.0672354054583348
302470.24971953407,4123724.7438049065,1.0672354034190414
302470.2738469089,4123724.7875983967,1.0672354089327618
302470.29797428363,4123724.8313918873,1.067235404438688
302470.3221016584,4123724.8751853774,1.0672354054583348
302470.3462290331,4123724.9189788676,1.067235407497628
302470.37035640766,4123724.9627723577,1.0672354099524084
302470.39448378235,4123725.0065658484,1.0672354034190414
302470.41861115716,4123725.0503593385,1.067235404438688
302470.4427385319,4123725.0941528287,1.0672354034190414
302470.4668659067,4123725.137946319,1.0672354064779814
302470.49099328136,4123725.181739809,1.0672354119917018
302470.51512065594,4123725.2255332996,1.0672354054583348
302470.53924803063,4123725.26932679,1.0672354034190414
302470.56337540544,4123725.31312028,1.0672354034190414
302470.58750278025,4123725.35691377,1.067235404438688
302470.611630155,4123725.4007072602,1.0672354089327618
302470.63575752976,4123725.444500751,1.0672354054583348
302470.65988490445,4123725.488294241,1.067235407497628
302470.68401227903,4123725.532087731,1.0672354089327618
302470.7081396538,4123725.575881222,1.067235404438688
302470.73226702854,4123725.619674712,1.067235404438688
302470.7563944033,4123725.663468202,1.0672354054583348
302470.780521778,4123725.7072616923,1.067235407497628
302470.80464915256,4123725.7510551824,1.0672354099524084
302470.82877652725,4123725.794848673,1.067235404438688
302470.852903902,4123725.838642163,1.0672354034190414
302470.8770312768,4123725.8824356534,1.0672354034190414
302470.9011586516,4123725.9262291435,1.0672354119917018
302470.9252860262,4123725.970022634,1.0672354064779814
302470.94941340084,4123726.0138161243,1.0672354054583348
302470.97354077554,4123726.0576096145,1.0672354034190414
302470.99766815035,4123726.1014031046,1.0672354034190414
302471.02179552516,4123726.1451965948,1.0672354089327618
302471.0459228999,4123726.1889900854,1.0672354064779814
302471.07005027455,4123726.2327835755,1.067235407497628
302471.0941776491,4123726.2765770657,1.067235404438688
302471.1183050239,4123726.320370556,1.0672354089327618
302471.1424323986,4123726.3641640465,1.067235404438688
302471.1665597734,4123726.4079575366,1.0672354034190414
302471.1906871482,4123726.451751027,1.0672354064779814
302471.2148145228,4123726.495544517,1.0672354119917018
302471.2389418974,4123726.5393380076,1.0672354054583348
302471.2630692721,4123726.5831314977,1.0672354034190414
302471.2871966469,4123726.626924988,1.0672354034190414
302471.3113240217,4123726.670718478,1.067235404438688
302471.3354513965,4123726.714511968,1.0672354109720552
302471.3595787711,4123726.758305459,1.0672354064779814
302471.38370614575,4123726.802098949,1.0672354054583348
302471.40783352044,4123726.845892439,1.0672354034190414
302471.43196089525,4123726.8896859293,1.067235404438688
302471.45608827,4123726.9334794194,1.0672354089327618
302471.48021564475,4123726.97727291,1.0672354054583348
302471.50434301945,4123727.0210664,1.067235407497628
302471.528470394,4123727.0648598904,1.0672354099524084
302471.5525977687,4123727.108653381,1.0672354034190414
302471.57672514353,4123727.152446871,1.067235404438688
302471.6008525183,4123727.1962403613,1.0672354054583348
302471.624979893,4123727.2400338515,1.067235407497628
302471.64910726756,4123727.2838273416,1.0672354099524084
302471.67323464225,4123727.3276208322,1.067235404438688
302471.697362017,4123727.3714143224,1.0672354034190414
302471.7214893918,4123727.4152078126,1.067235404438688
302471.74561676657,4123727.4590013027,1.0672354064779814
302471.7697441412,4123727.502794793,1.0672354109720552
302471.79387151584,4123727.5465882835,1.0672354054583348
302471.81799889053,4123727.5903817737,1.0672354034190414
302471.84212626534,4123727.634175264,1.067235404438688
302471.8662536401,4123727.677968754,1.0672354089327618
302471.89038101485,4123727.7217622446,1.0672354054583348
302471.91450838954,4123727.7655557347,1.067235407497628
302471.9386357641,4123727.809349225,1.0672354054583348
302471.9627631388,4123727.853142715,1.0672354079131152
302471.9868905136,4123727.8969362057,1.067235404438688
302472.0110178884,4123727.940729696,1.0672354034190414
302472.0351452632,4123727.984523186,1.0672354054583348
302472.0592726379,4123728.028316676,1.0672354119917018
302472.08340001246,4123728.072110167,1.0672354064779814
302472.1075273871,4123728.115903657,1.0672354034190414
302472.1316547619,4123728.159697147,1.0672354034190414
302472.1557821367,4123728.2034906372,1.067235404438688
302472.17990951147,4123728.2472841274,1.0672354109720552
302472.2040368861,4123728.291077618,1.0672354064779814
302472.22816426074,4123728.334871108,1.0672354054583348
302472.25229163544,4123728.3786645983,1.067235404438688
302472.2764190102,4123728.4224580885,1.067235404438688
302472.30054638494,4123728.4662515786,1.0672354079131152
302472.32467375975,4123728.5100450693,1.0672354054583348
302472.34880113445,4123728.5538385594,1.067235407497628
302472.372928509,4123728.5976320496,1.0672354099524084
302472.3970558837,4123728.64142554,1.067235404438688
302472.42118325847,4123728.6852190304,1.0672354034190414
302472.4453106333,4123728.7290125205,1.0672354034190414
302472.4694380081,4123728.7728060107,1.0672354064779814
302472.4935653827,4123728.816599501,1.0672354119917018
302472.5176927573,4123728.8603929915,1.0672354054583348
302472.541820132,4123728.9041864816,1.0672354034190414
302472.5659475068,4123728.9479799718,1.067235404438688
302472.59007488156,4123728.991773462,1.067235404438688
302472.6142022563,4123729.035566952,1.0672354099524084
302472.638329631,4123729.0793604427,1.067235407497628
302472.6624570056,4123729.123153933,1.067235404438688
302472.68658438034,4123729.166947423,1.067235404438688
302472.7107117551,4123729.210740913,1.0672354089327618
302472.73483912984,4123729.254534404,1.0672354034190414
302472.75896650465,4123729.298327894,1.0672354054583348
302472.78309387935,4123729.342121384,1.067235407497628
302472.8072212539,4123729.3859148743,1.0672354109720552
302472.83134862856,4123729.429708365,1.0672354034190414
302472.8554760034,4123729.473501855,1.0672354034190414
302472.8796033782,4123729.517295345,1.0672354054583348
302472.9037307529,4123729.5610888354,1.0672354119917018
302472.92785812746,4123729.604882326,1.0672354064779814
302472.9519855021,4123729.648675816,1.0672354034190414
302472.9761128769,4123729.6924693063,1.0672354034190414
302473.0002402517,4123729.7362627964,1.067235404438688
302473.02436762647,4123729.7800562866,1.0672354109720552
302473.0484950011,4123729.823849777,1.0672354064779814
302473.07262237574,4123729.8676432674,1.0672354054583348
302473.09674975043,4123729.9114367575,1.067235404438688
302473.1208771252,4123729.9552302477,1.067235404438688
302473.14500449994,4123729.999023738,1.0672354079131152
302473.16913187475,4123730.0428172285,1.0672354054583348
302473.19325924944,4123730.0866107186,1.067235407497628
302473.217386624,4123730.130404209,1.0672354099524084
302473.2415139987,4123730.1741976994,1.067235404438688
302473.26564137347,4123730.2179911896,1.0672354034190414
302473.2897687483,4123730.2617846797,1.0672354034190414
302473.3138961231,4123730.30557817,1.067235404438688
302473.33802349784,4123730.34937166,1.0672354064779814
302473.3621508725,4123730.39316515,1.0672354119917018
302473.38627824705,4123730.436958641,1.067235404438688
302473.4104056218,4123730.480752131,1.067235404438688
302473.43453299656,4123730.524545621,1.067235404438688
302473.4586603713,4123730.5683391113,1.0672354099524084
302473.482787746,4123730.612132602,1.067235407497628
302473.5069151206,4123730.655926092,1.067235404438688
302473.53104249533,4123730.699719582,1.067235404438688
302473.5551698701,4123730.7435130724,1.0672354089327618
302473.57929724484,4123730.787306563,1.0672354034190414
302473.60342461965,4123730.831100053,1.0672354054583348
302473.62755199434,4123730.8748935433,1.067235407497628
302473.6516793689,4123730.9186870335,1.0672354109720552
302473.67580674356,4123730.962480524,1.0672354034190414
302473.69993411837,4123731.0062740142,1.067235404438688
302473.7240614931,4123731.0500675044,1.0672354034190414
302473.74818886793,4123731.0938609946,1.0672354054583348
302473.7723162426,4123731.1376544847,1.0672354119917018
302473.7964436172,4123731.1814479753,1.0672354054583348
302473.8205709919,4123731.2252414655,1.067235404438688
302473.84469836665,4123731.2690349557,1.0672354034190414
302473.86882574146,4123731.312828446,1.067235404438688
302473.8929531162,4123731.356621936,1.0672354099524084
302473.9170804909,4123731.4004154266,1.067235407497628
302473.9412078655,4123731.4442089167,1.0672354054583348
302473.9653352402,4123731.488002407,1.067235404438688
302473.98946261493,4123731.531795897,1.0672354079131152
302474.01358998974,4123731.5755893877,1.067235404438688
302474.0377173645,4123731.619382878,1.067235404438688
302474.06184473925,4123731.663176368,1.067235407497628
302474.0859721138,4123731.706969858,1.0672354109720552
302474.11009948846,4123731.750763349,1.067235404438688
302474.1342268632,4123731.794556839,1.0672354034190414
302474.158354238,4123731.838350329,1.0672354034190414
302474.18248161284,4123731.8821438192,1.0672354064779814
302474.2066089875,4123731.9259373094,1.0672354119917018
302474.23073636205,4123731.9697308,1.0672354054583348
302474.25486373674,4123732.01352429,1.0672354034190414
302474.27899111155,4123732.0573177803,1.0672354034190414
302474.30311848636,4123732.1011112705,1.0672354109720552
302474.327245861,4123732.144904761,1.067235407497628
302474.3513732356,4123732.1886982513,1.0672354054583348
302474.3755006103,4123732.2324917414,1.0672354034190414
302474.3996279851,4123732.2762852316,1.0672354089327618
302474.42375535984,4123732.320078722,1.067235404438688
302474.4478827346,4123732.3638722124,1.067235404438688
302474.47201010934,4123732.4076657025,1.067235407497628
302474.4961374839,4123732.4514591927,1.0672354109720552
302474.52026485855,4123732.4952526833,1.067235404438688
302474.5443922333,4123732.5390461734,1.0672354034190414
302474.5685196081,4123732.5828396636,1.0672354034190414
302474.5926469829,4123732.6266331538,1.0672354034190414
302474.61677435774,4123732.670426644,1.0672354064779814
302474.6409017324,4123732.714220134,1.0672354119917018
302474.66502910695,4123732.7580136247,1.0672354054583348
302474.68915648165,4123732.801807115,1.0672354034190414
302474.71328385646,4123732.845600605,1.067235404438688
302474.7374112312,4123732.889394095,1.0672354089327618
302474.76153860596,4123732.933187586,1.067235404438688
302474.7856659807,4123732.976981076,1.067235407497628
302474.8097933553,4123733.020774566,1.0672354064779814
302474.8339207299,4123733.0645680563,1.0672354089327618
302474.8580481047,4123733.108361547,1.0672354034190414
302474.8821754795,4123733.152155037,1.067235404438688
302474.90630285424,4123733.195948527,1.067235407497628
302474.9304302288,4123733.2397420174,1.0672354109720552
302474.95455760346,4123733.283535508,1.067235404438688
302474.9786849782,4123733.327328998,1.0672354034190414
302475.002812353,4123733.3711224883,1.0672354034190414
302475.02693972783,4123733.4149159784,1.0672354064779814
302475.05106710247,4123733.4587094686,1.0672354119917018
302475.07519447705,4123733.502502959,1.0672354054583348
302475.09932185174,4123733.5462964494,1.0672354034190414
302475.12344922655,4123733.5900899395,1.0672354034190414
302475.14757660136,4123733.6338834297,1.067235404438688
302475.1717039761,4123733.67767692,1.0672354099524084
302475.1958313508,4123733.7214704105,1.067235407497628
302475.2199587254,4123733.7652639006,1.0672354054583348
302475.2440861001,4123733.809057391,1.0672354089327618
302475.26821347483,4123733.8528508814,1.067235404438688
302475.2923408496,4123733.8966443716,1.0672354034190414
302475.3164682244,4123733.9404378617,1.0672354054583348
302475.3405955991,4123733.984231352,1.067235407497628
302475.36472297367,4123734.028024842,1.0672354109720552
302475.3888503483,4123734.0718183327,1.0672354034190414
302475.4129777231,4123734.115611823,1.0672354034190414
302475.4371050979,4123734.159405313,1.067235404438688
302475.4612324727,4123734.203198803,1.0672354054583348
302475.4853598474,4123734.2469922933,1.0672354119917018
302475.50948722195,4123734.290785784,1.0672354054583348
302475.53361459664,4123734.334579274,1.0672354034190414
302475.55774197145,4123734.378372764,1.067235404438688
302475.5818693462,4123734.4221662544,1.0672354089327618
302475.60599672096,4123734.465959745,1.067235404438688
302475.6301240957,4123734.509753235,1.067235407497628
302475.6542514703,4123734.5535467253,1.0672354064779814
302475.6783788449,4123734.5973402155,1.0672354089327618
302475.7025062197,4123734.641133706,1.0672354034190414
302475.7266335945,4123734.6849271962,1.067235404438688
302475.75076096924,4123734.7287206864,1.067235407497628
302475.7748883438,4123734.7725141766,1.0672354109720552
302475.79901571845,4123734.816307667,1.067235404438688
302475.8231430932,4123734.8601011573,1.0672354034190414
302475.847270468,4123734.9038946475,1.067235404438688
302475.87139784277,4123734.9476881376,1.0672354034190414
302475.8955252176,4123734.991481628,1.0672354099524084
302475.9196525923,4123735.0352751184,1.067235407497628
302475.94377996685,4123735.0790686086,1.0672354054583348
302475.96790734155,4123735.1228620987,1.067235404438688
302475.9920347163,4123735.166655589,1.0672354034190414
302476.0161620911,4123735.210449079,1.0672354089327618
302476.04028946586,4123735.2542425697,1.067235404438688
302476.0644168406,4123735.29803606,1.067235407497628
302476.0885442152,4123735.34182955,1.0672354109720552
302476.1126715898,4123735.3856230406,1.067235404438688
302476.1367989646,4123735.4294165308,1.0672354034190414
302476.1609263394,4123735.473210021,1.067235404438688
302476.18505371414,4123735.517003511,1.0672354054583348
302476.20918108884,4123735.5607970012,1.0672354119917018
302476.2333084634,4123735.604590492,1.0672354054583348
302476.2574358381,4123735.648383982,1.0672354034190414
302476.2815632129,4123735.692177472,1.067235404438688
302476.3056905877,4123735.7359709623,1.0672354054583348
302476.32981796237,4123735.7797644525,1.0672354119917018
302476.35394533694,4123735.823557943,1.0672354054583348
302476.37807271164,4123735.8673514333,1.067235404438688
302476.4022000864,4123735.9111449234,1.0672354034190414
302476.4263274612,4123735.9549384136,1.0672354089327618
302476.45045483595,4123735.998731904,1.067235404438688
302476.4745822107,4123736.0425253944,1.067235407497628
302476.4987095853,4123736.0863188845,1.0672354064779814
302476.5228369599,4123736.1301123747,1.0672354089327618
302476.5469643347,4123736.1739058653,1.0672354034190414
302476.5710917095,4123736.2176993554,1.0672354034190414
302476.5952190843,4123736.2614928456,1.0672354054583348
302476.619346459,4123736.3052863358,1.0672354119917018
302476.64347383357,4123736.3490798264,1.0672354064779814
302476.6676012082,4123736.3928733165,1.0672354034190414
302476.691728583,4123736.4366668067,1.067235404438688
302476.71585595777,4123736.480460297,1.067235404438688
302476.7399833325,4123736.524253787,1.0672354089327618
302476.76411070727,4123736.5680472776,1.067235407497628
302476.78823808185,4123736.611840768,1.0672354054583348
302476.81236545654,4123736.655634258,1.067235404438688
302476.8364928313,4123736.699427748,1.067235404438688
302476.86062020605,4123736.7432212383,1.0672354079131152
302476.88474758086,4123736.787014729,1.067235404438688
302476.9088749556,4123736.830808219,1.067235407497628
302476.9330023302,4123736.874601709,1.0672354119917018
302476.95712970477,4123736.9183952,1.0672354034190414
302476.9812570796,4123736.96218869,1.0672354034190414
302477.0053844544,4123737.00598218,1.067235404438688
302477.02951182914,4123737.0497756703,1.0672354054583348
302477.05363920383,4123737.0935691604,1.0672354119917018
302477.0777665784,4123737.137362651,1.0672354054583348
302477.1018939531,4123737.181156141,1.0672354034190414
302477.1260213279,4123737.2249496314,1.067235404438688
302477.15014870267,4123737.2687431215,1.067235404438688
302477.1742760774,4123737.3125366117,1.0672354089327618
302477.1984034522,4123737.3563301023,1.067235407497628
302477.22253082675,4123737.4001235925,1.0672354064779814
302477.2466582014,4123737.4439170826,1.067235404438688
302477.27078557614,4123737.487710573,1.0672354079131152
302477.29491295095,4123737.5315040634,1.067235404438688
302477.3190403257,4123737.5752975536,1.067235404438688
302477.34316770046,4123737.6190910437,1.0672354064779814
302477.3672950751,4123737.662884534,1.0672354119917018
302477.39142244967,4123737.7066780245,1.0672354034190414
302477.4155498245,4123737.7504715146,1.067235404438688
302477.43967719923,4123737.794265005,1.0672354034190414
302477.46380457404,4123737.838058495,1.0672354054583348
302477.48793194874,4123737.881851985,1.0672354119917018
302477.5120593233,4123737.9256454757,1.0672354064779814
302477.53618669795,4123737.969438966,1.0672354034190414
302477.56031407276,4123738.013232456,1.067235404438688
302477.5844414475,4123738.057025946,1.0672354089327618
302477.60856882227,4123738.100819437,1.067235407497628
302477.63269619684,4123738.144612927,1.0672354064779814
302477.6568235715,4123738.188406417,1.0672354034190414
302477.6809509463,4123738.2321999073,1.067235404438688
302477.70507832104,4123738.2759933975,1.0672354089327618
302477.7292056958,4123738.319786888,1.0672354034190414
302477.7533330706,4123738.3635803782,1.067235407497628
302477.7774604452,4123738.4073738684,1.0672354119917018
302477.80158781976,4123738.451167359,1.0672354034190414
302477.8257151946,4123738.494960849,1.067235404438688
302477.8498425693,4123738.5387543393,1.0672354034190414
302477.87396994414,4123738.5825478295,1.0672354054583348
302477.89809731883,4123738.6263413196,1.0672354119917018
302477.9222246934,4123738.6701348103,1.0672354064779814
302477.94635206804,4123738.7139283004,1.0672354034190414
302477.97047944285,4123738.7577217906,1.0672354034190414
302477.99460681767,4123738.8015152807,1.067235404438688
302478.0187341924,4123738.845308771,1.0672354089327618
302478.04286156717,4123738.8891022615,1.067235407497628
302478.06698894175,4123738.9328957517,1.0672354064779814
302478.0911163164,4123738.976689242,1.067235404438688
302478.11524369114,4123739.020482732,1.0672354089327618
302478.1393710659,4123739.0642762226,1.0672354034190414
302478.1634984407,4123739.1080697128,1.067235404438688
302478.18762581545,4123739.151863203,1.0672354064779814
302478.2117531901,4123739.195656693,1.0672354119917018
302478.23588056467,4123739.2394501837,1.067235404438688
302478.2600079394,4123739.283243674,1.0672354034190414
302478.2841353142,4123739.327037164,1.0672354034190414
302478.30826268904,4123739.370830654,1.0672354054583348
302478.33239006373,4123739.4146241443,1.0672354119917018
302478.3565174383,4123739.458417635,1.0672354064779814
302478.38064481295,4123739.502211125,1.0672354034190414
302478.40477218776,4123739.5460046153,1.067235404438688
302478.4288995625,4123739.5897981054,1.067235404438688
302478.45302693726,4123739.6335915956,1.0672354079131152
302478.4771543121,4123739.677385086,1.067235407497628
302478.50128168665,4123739.7211785764,1.0672354064779814
302478.5254090613,4123739.7649720665,1.067235404438688
302478.54953643604,4123739.8087655567,1.0672354089327618
302478.5736638108,4123739.8525590473,1.0672354034190414
302478.5977911856,4123739.8963525374,1.067235404438688
302478.62191856035,4123739.9401460276,1.067235407497628
302478.64604593493,4123739.9839395178,1.0672354119917018
302478.6701733095,4123740.0277330084,1.0672354034190414
302478.6943006843,4123740.0715264985,1.0672354034190414
302478.71842805913,4123740.1153199887,1.0672354034190414
302478.74255543394,4123740.159113479,1.0672354054583348
302478.76668280864,4123740.202906969,1.0672354119917018
302478.7908101832,4123740.2467004596,1.0672354064779814
302478.81493755785,4123740.29049395,1.0672354034190414
302478.83906493266,4123740.33428744,1.067235404438688
302478.8631923074,4123740.37808093,1.0672354089327618
302478.88731968217,4123740.4218744207,1.067235404438688
302478.9114470569,4123740.465667911,1.0672354064779814
302478.93557443155,4123740.509461401,1.067235407497628
302478.95970180613,4123740.553254891,1.0672354089327618
302478.9838291809,4123740.597048382,1.0672354034190414
302479.0079565557,4123740.640841872,1.067235404438688
302479.03208393045,4123740.684635362,1.0672354064779814
302479.0562113051,4123740.7284288523,1.0672354119917018
302479.08033867966,4123740.772222343,1.067235404438688
302479.1044660544,4123740.816015833,1.0672354034190414
302479.1285934292,4123740.859809323,1.0672354034190414
302479.15272080404,4123740.9036028134,1.0672354054583348
302479.17684817873,4123740.9473963035,1.0672354119917018
302479.2009755533,4123740.991189794,1.0672354064779814
302479.22510292794,4123741.0349832843,1.0672354034190414
302479.24923030275,4123741.0787767745,1.067235404438688
302479.2733576775,4123741.1225702646,1.067235404438688
302479.29748505226,4123741.166363755,1.0672354079131152
302479.32161242707,4123741.2101572454,1.067235407497628
302479.34573980165,4123741.2539507356,1.0672354064779814
302479.3698671763,4123741.2977442257,1.0672354089327618
302479.39399455104,4123741.3415377163,1.067235404438688
302479.4181219258,4123741.3853312065,1.0672354034190414
302479.4422493006,4123741.4291246966,1.067235404438688
302479.46637667535,4123741.472918187,1.067235407497628
302479.4905040499,4123741.516711677,1.0672354119917018
302479.5146314245,4123741.5605051676,1.0672354034190414
302479.5387587993,4123741.6042986577,1.0672354034190414
302479.5628861741,4123741.648092148,1.0672354034190414
302479.58701354894,4123741.691885638,1.0672354054583348
302479.61114092363,4123741.735679128,1.0672354119917018
302479.6352682982,4123741.779472619,1.0672354064779814
302479.65939567285,4123741.823266109,1.0672354034190414
302479.68352304766,4123741.867059599,1.067235404438688
302479.7076504224,4123741.9108530893,1.0672354089327618
302479.73177779716,4123741.95464658,1.067235404438688
302479.7559051719,4123741.99844007,1.0672354064779814
302479.78003254655,4123742.0422335602,1.067235407497628
302479.8041599211,4123742.0860270504,1.0672354089327618
302479.8282872959,4123742.129820541,1.0672354034190414
302479.8524146707,4123742.173614031,1.0672354034190414
302479.8765420455,4123742.2174075213,1.067235404438688
302479.90066942025,4123742.2612010115,1.067235407497628
302479.92479679483,4123742.3049945016,1.0672354119917018
302479.9489241694,4123742.3487879923,1.0672354034190414
302479.9730515442,4123742.3925814824,1.0672354034190414
302479.99717891903,4123742.4363749726,1.067235404438688
302480.0213062938,4123742.4801684627,1.067235404438688
302480.04543366854,4123742.523961953,1.0672354119917018
302480.0695610431,4123742.5677554435,1.0672354064779814
302480.09368841775,4123742.6115489337,1.067235404438688
302480.1178157925,4123742.655342424,1.067235404438688
302480.14194316725,4123742.699135914,1.0672354079131152
302480.16607054207,4123742.7429294046,1.067235404438688
302480.1901979168,4123742.7867228948,1.0672354064779814
302480.21432529145,4123742.830516385,1.0672354119917018
302480.23845266603,4123742.8743098755,1.067235404438688
302480.2625800408,4123742.9181033657,1.0672354034190414
302480.2867074156,4123742.961896856,1.067235404438688
302480.31083479035,4123743.005690346,1.067235404438688
302480.3349621651,4123743.049483836,1.0672354119917018
302480.3590895397,4123743.093277327,1.0672354064779814
302480.3832169143,4123743.137070817,1.0672354034190414
302480.4073442891,4123743.180864307,1.067235404438688
302480.4314716639,4123743.2246577973,1.067235404438688
302480.4555990386,4123743.2684512874,1.0672354119917018
302480.4797264132,4123743.312244778,1.0672354064779814
302480.50385378784,4123743.356038268,1.0672354034190414
302480.52798116265,4123743.3998317583,1.067235404438688
302480.5521085374,4123743.4436252485,1.0672354089327618
302480.57623591216,4123743.487418739,1.067235404438688
302480.6003632869,4123743.5312122293,1.0672354064779814
302480.62449066155,4123743.5750057194,1.067235407497628
302480.6486180361,4123743.6187992096,1.0672354089327618
302480.6727454109,4123743.6625927,1.0672354034190414
302480.6968727857,4123743.7063861904,1.067235404438688
302480.72100016044,4123743.7501796805,1.0672354034190414
302480.74512753525,4123743.7939731707,1.067235407497628
302480.7692549098,4123743.837766661,1.0672354119917018
302480.7933822844,4123743.8815601515,1.0672354034190414
302480.8175096592,4123743.9253536416,1.067235404438688
302480.84163703397,4123743.969147132,1.067235404438688
302480.8657644087,4123744.012940622,1.067235404438688
302480.8898917835,4123744.056734112,1.0672354109720552
302480.9140191581,4123744.1005276027,1.067235407497628
302480.9381465327,4123744.144321093,1.0672354034190414
302480.9622739075,4123744.188114583,1.067235404438688
302480.98640128225,4123744.231908073,1.0672354079131152
302481.01052865706,4123744.275701564,1.067235404438688
302481.0346560318,4123744.319495054,1.0672354064779814
302481.05878340645,4123744.363288544,1.0672354119917018
302481.082910781,4123744.4070820347,1.067235404438688
302481.1070381558,4123744.450875525,1.067235404438688
302481.13116553053,4123744.494669015,1.0672354034190414
302481.15529290534,4123744.538462505,1.067235404438688
302481.1794202801,4123744.5822559954,1.0672354119917018
302481.2035476547,4123744.626049486,1.0672354064779814
302481.2276750293,4123744.669842976,1.067235404438688
302481.25180240406,4123744.7136364663,1.0672354034190414
302481.2759297789,4123744.7574299565,1.067235404438688
302481.3000571536,4123744.8012234466,1.067235404438688
302481.3241845284,4123744.845016937,1.0672354109720552
302481.348311903,4123744.8888104274,1.067235407497628
302481.3724392776,4123744.9326039176,1.067235404438688
302481.39656665234,4123744.9763974077,1.0672354079131152
302481.42069402715,4123745.0201908983,1.067235404438688
302481.4448214019,4123745.0639843885,1.0672354034190414
302481.4689487767,4123745.1077778786,1.067235407497628
302481.4930761513,4123745.151571369,1.0672354119917018
302481.5172035259,4123745.1953648594,1.067235404438688
302481.5413309006,4123745.2391583496,1.0672354034190414
302481.56545827544,4123745.2829518397,1.0672354034190414
302481.58958565025,4123745.32674533,1.067235404438688
302481.613713025,4123745.37053882,1.0672354119917018
302481.6378403996,4123745.4143323107,1.067235407497628
302481.66196777415,4123745.458125801,1.0672354034190414
302481.68609514897,4123745.501919291,1.067235404438688
302481.7102225237,4123745.545712781,1.067235404438688
302481.73434989847,4123745.5895062713,1.0672354079131152
302481.7584772733,4123745.633299762,1.0672354064779814
302481.7826046479,4123745.677093252,1.067235407497628
302481.8067320225,4123745.720886742,1.067235404438688
302481.83085939725,4123745.7646802324,1.0672354089327618
302481.854986772,4123745.808473723,1.0672354034190414
302481.8791141468,4123745.852267213,1.0672354064779814
302481.90324152145,4123745.8960607033,1.0672354085172746
302481.92736889597,4123745.9398541935,1.0672354089327618
302481.9514962707,4123745.983647684,1.0672354034190414
302481.9756236455,4123746.0274411743,1.0672354034190414
302481.99975102034,4123746.0712346644,1.067235404438688
302482.0238783951,4123746.1150281546,1.0672354119917018
302482.04800576967,4123746.158821645,1.067235407497628
302482.07213314425,4123746.2026151353,1.0672354034190414
302482.09626051906,4123746.2464086255,1.0672354034190414
302482.12038789387,4123746.2902021157,1.067235404438688
302482.1445152686,4123746.333995606,1.067235404438688
302482.1686426434,4123746.377789096,1.0672354109720552
302482.192770018,4123746.4215825866,1.067235407497628
302482.2168973926,4123746.4653760768,1.067235404438688
302482.24102476734,4123746.509169567,1.0672354089327618
302482.2651521421,4123746.5529630575,1.0672354034190414
302482.2892795169,4123746.5967565477,1.0672354034190414
302482.3134068917,4123746.640550038,1.067235407497628
302482.3375342663,4123746.684343528,1.0672354119917018
302482.36166164087,4123746.7281370186,1.067235404438688
302482.3857890156,4123746.771930509,1.0672354034190414
302482.40991639043,4123746.815723999,1.0672354034190414
302482.43404376524,4123746.859517489,1.067235404438688
302482.45817114,4123746.9033109793,1.0672354119917018
302482.4822985146,4123746.94710447,1.067235407497628
302482.50642588915,4123746.99089796,1.0672354034190414
302482.53055326396,4123747.03469145,1.067235404438688
302482.5546806387,4123747.0784849403,1.067235404438688
302482.57880801347,4123747.1222784305,1.0672354079131152
302482.6029353883,4123747.166071921,1.0672354064779814
302482.6270627629,4123747.2098654113,1.067235407497628
302482.6511901375,4123747.2536589014,1.067235404438688
302482.67531751224,4123747.2974523916,1.0672354089327618
302482.699444887,4123747.341245882,1.0672354034190414
302482.7235722618,4123747.3850393724,1.0672354034190414
302482.7476996366,4123747.4288328625,1.067235407497628
302482.7718270112,4123747.4726263527,1.0672354119917018
302482.7959543858,4123747.5164198433,1.067235404438688
302482.8200817605,4123747.5602133335,1.0672354034190414
302482.84420913534,4123747.6040068236,1.067235404438688
302482.8683365101,4123747.647800314,1.067235404438688
302482.89246388484,4123747.691593804,1.0672354109720552
302482.9165912595,4123747.7353872946,1.067235407497628
302482.94071863405,4123747.7791807847,1.0672354034190414
302482.96484600886,4123747.822974275,1.067235404438688
302482.9889733836,4123747.866767765,1.067235404438688
302483.01310075837,4123747.910561255,1.0672354079131152
302483.0372281332,4123747.954354746,1.0672354064779814
302483.0613555078,4123747.998148236,1.0672354085172746
302483.08548288234,4123748.041941726,1.0672354089327618
302483.1096102571,4123748.0857352167,1.0672354034190414
302483.1337376319,4123748.129528707,1.0672354034190414
302483.1578650067,4123748.173322197,1.067235404438688
302483.18199238146,4123748.217115687,1.067235407497628
302483.20611975604,4123748.2609091774,1.0672354119917018
302483.2302471306,4123748.304702668,1.0672354034190414
302483.2543745054,4123748.348496158,1.0672354034190414
302483.27850188024,4123748.3922896483,1.067235404438688
302483.302629255,4123748.4360831385,1.0672354119917018
302483.32675662957,4123748.479876629,1.067235407497628
302483.35088400415,4123748.5236701192,1.0672354034190414
302483.37501137896,4123748.5674636094,1.067235404438688
302483.3991387537,4123748.6112570995,1.067235404438688
302483.42326612846,4123748.6550505897,1.0672354079131152
302483.4473935033,4123748.6988440803,1.0672354064779814
302483.4715208779,4123748.7426375705,1.067235407497628
302483.4956482525,4123748.7864310606,1.067235404438688
302483.51977562724,4123748.830224551,1.0672354089327618
302483.543903002,4123748.8740180414,1.0672354034190414
302483.5680303768,4123748.9178115316,1.0672354034190414
302483.5921577516,4123748.9616050217,1.067235407497628
302483.6162851262,4123749.005398512,1.0672354119917018
302483.64041250077,4123749.0491920025,1.067235404438688
302483.6645398755,4123749.0929854927,1.0672354034190414
302483.68866725033,4123749.136778983,1.067235404438688
302483.7127946251,4123749.180572473,1.067235404438688
302483.73692199984,4123749.224365963,1.0672354109720552
302483.7610493745,4123749.2681594538,1.067235407497628
302483.78517674905,4123749.311952944,1.0672354034190414
302483.80930412386,4123749.355746434,1.067235404438688
302483.8334314986,4123749.399539924,1.067235404438688
302483.85755887337,4123749.4433334144,1.0672354079131152
302483.8816862482,4123749.487126905,1.0672354064779814
302483.9058136228,4123749.530920395,1.0672354085172746
302483.92994099733,4123749.5747138853,1.0672354089327618
302483.9540683721,4123749.618507376,1.0672354034190414
302483.9781957469,4123749.662300866,1.0672354034190414
302484.0023231217,4123749.7060943563,1.067235404438688
302484.02645049646,4123749.7498878464,1.0672354064779814
302484.0505778711,4123749.7936813366,1.0672354119917018
302484.0747052457,4123749.837474827,1.067235404438688
302484.0988326204,4123749.8812683173,1.0672354034190414
302484.12295999523,4123749.9250618075,1.067235404438688
302484.14708737,4123749.9688552977,1.067235404438688
302484.17121474474,4123750.012648788,1.0672354109720552
302484.1953421194,4123750.0564422784,1.067235407497628
302484.21946949395,4123750.1002357686,1.067235404438688
302484.2435968687,4123750.1440292588,1.067235404438688
302484.26772424346,4123750.187822749,1.0672354079131152
302484.29185161827,4123750.2316162395,1.067235404438688
302484.315978993,4123750.2754097297,1.0672354054583348
302484.3401063677,4123750.31920322,1.0672354085172746
302484.36423374224,4123750.36299671,1.0672354089327618
302484.388361117,4123750.4067902006,1.0672354034190414
302484.4124884918,4123750.450583691,1.067235404438688
302484.43661586655,4123750.494377181,1.0672354034190414
302484.46074324136,4123750.538170671,1.067235407497628
302484.48487061594,4123750.5819641612,1.0672354119917018
302484.5089979905,4123750.625757652,1.067235404438688
302484.53312536527,4123750.669551142,1.0672354034190414
302484.5572527401,4123750.713344632,1.067235404438688
302484.58138011483,4123750.7571381223,1.0672354109720552
302484.60550748947,4123750.800931613,1.067235407497628
302484.62963486405,4123750.844725103,1.067235404438688
302484.6537622388,4123750.8885185933,1.0672354034190414
302484.6778896136,4123750.9323120834,1.067235404438688
302484.70201698836,4123750.9761055736,1.0672354089327618
302484.7261443631,4123751.019899064,1.0672354054583348
302484.7502717378,4123751.0636925544,1.0672354085172746
302484.7743991123,4123751.1074860445,1.0672354089327618
302484.7985264871,4123751.151279535,1.0672354034190414
302484.8226538619,4123751.1950730253,1.067235404438688
302484.84678123664,4123751.2388665155,1.0672354034190414
302484.87090861145,4123751.2826600056,1.0672354064779814
302484.8950359861,4123751.326453496,1.0672354119917018
302484.91916336067,4123751.3702469864,1.0672354054583348
302484.94329073536,4123751.4140404765,1.0672354034190414
302484.9674181102,4123751.4578339667,1.0672354034190414
302484.991545485,4123751.501627457,1.067235404438688
302485.01567285974,4123751.545420947,1.067235404438688
302485.0398002345,4123751.589214437,1.0672354099524084
302485.0639276092,4123751.633007928,1.0672354085172746
302485.0880549837,4123751.676801418,1.067235404438688
302485.11218235845,4123751.720594908,1.0672354089327618
302485.1363097332,4123751.7643883987,1.0672354034190414
302485.160437108,4123751.808181889,1.0672354054583348
302485.1845644827,4123751.851975379,1.0672354085172746
302485.20869185723,4123751.895768869,1.0672354089327618
302485.232819232,4123751.93956236,1.067235404438688
302485.25694660674,4123751.98335585,1.0672354034190414
302485.28107398155,4123752.02714934,1.067235404438688
302485.3052013563,4123752.0709428303,1.0672354064779814
302485.32932873094,4123752.1147363205,1.0672354119917018
302485.3534561055,4123752.158529811,1.067235404438688
302485.37758348027,4123752.202323301,1.0672354034190414
302485.4017108551,4123752.2461167914,1.067235404438688
302485.4258382298,4123752.2899102815,1.067235404438688
302485.4499656046,4123752.3337037717,1.0672354099524084
302485.4740929793,4123752.3774972623,1.067235407497628
302485.49822035385,4123752.4212907525,1.0672354054583348
302485.52234772855,4123752.4650842426,1.0672354034190414
302485.54647510336,4123752.508877733,1.0672354089327618
302485.5706024781,4123752.5526712234,1.0672354034190414
302485.5947298529,4123752.5964647136,1.0672354064779814
302485.61885722756,4123752.6402582037,1.067235407497628
302485.64298460213,4123752.684051694,1.0672354099524084
302485.6671119768,4123752.7278451845,1.0672354034190414
302485.69123935164,4123752.7716386747,1.0672354034190414
302485.71536672645,4123752.815432165,1.067235404438688
302485.7394941012,4123752.859225655,1.0672354064779814
302485.76362147584,4123752.903019145,1.0672354119917018
302485.7877488504,4123752.9468126358,1.067235404438688
302485.81187622517,4123752.990606126,1.067235404438688
302485.8360035999,4123753.034399616,1.067235404438688
302485.8601309747,4123753.078193106,1.0672354034190414
302485.8842583495,4123753.1219865964,1.0672354099524084
302485.9083857242,4123753.165780087,1.0672354085172746
302485.9325130987,4123753.209573577,1.067235404438688
302485.95664047345,4123753.2533670673,1.0672354089327618
302485.9807678482,4123753.297160558,1.0672354034190414
302486.004895223,4123753.340954048,1.0672354064779814
302486.02902259765,4123753.3847475382,1.067235407497628
302486.0531499722,4123753.4285410284,1.0672354089327618
302486.077277347,4123753.472334519,1.067235404438688
302486.10140472173,4123753.516128009,1.0672354034190414
302486.12553209654,4123753.5599214993,1.067235404438688
302486.1496594713,4123753.6037149895,1.0672354064779814
302486.17378684593,4123753.6475084797,1.0672354119917018
302486.1979142205,4123753.6913019703,1.067235404438688
302486.22204159526,4123753.7350954604,1.0672354034190414
302486.2461689701,4123753.7788889506,1.067235404438688
302486.2702963448,4123753.8226824407,1.067235404438688
302486.2944237196,4123753.866475931,1.0672354079131152
302486.3185510944,4123753.9102694215,1.0672354064779814
302486.342678469,4123753.9540629117,1.067235407497628
302486.3668058436,4123753.997856402,1.0672354054583348
302486.3909332183,4123754.041649892,1.0672354079131152
302486.4150605931,4123754.0854433826,1.0672354034190414
302486.4391879679,4123754.129236873,1.067235404438688
302486.46331534267,4123754.173030363,1.0672354064779814
302486.4874427173,4123754.216823853,1.0672354119917018
302486.5115700919,4123754.2606173437,1.067235404438688
302486.53569746664,4123754.304410834,1.0672354034190414
302486.55982484145,4123754.348204324,1.067235404438688
302486.5839522162,4123754.391997814,1.0672354064779814
302486.60807959083,4123754.4357913043,1.0672354119917018
302486.6322069654,4123754.479584795,1.067235404438688
302486.65633434016,4123754.523378285,1.067235404438688
302486.6804617149,4123754.5671717753,1.067235404438688
302486.70458908967,4123754.6109652654,1.0672354079131152
302486.7287164645,4123754.654758756,1.0672354064779814
302486.7528438391,4123754.698552246,1.067235407497628
302486.7769712137,4123754.7423457364,1.0672354054583348
302486.8010985884,4123754.7861392265,1.0672354079131152
302486.8252259632,4123754.829932717,1.0672354034190414
302486.849353338,4123754.8737262073,1.0672354034190414
302486.8734807128,4123754.9175196975,1.0672354064779814
302486.89760808746,4123754.9613131876,1.0672354119917018
302486.92173546203,4123755.005106678,1.0672354054583348
302486.9458628367,4123755.0489001684,1.0672354034190414
302486.96999021154,4123755.0926936585,1.067235404438688
302486.9941175863,4123755.1364871487,1.067235404438688
302487.01824496104,4123755.180280639,1.0672354099524084
302487.04237233574,4123755.2240741295,1.067235407497628
302487.0664997103,4123755.2678676196,1.067235404438688
302487.09062708507,4123755.31166111,1.067235404438688
302487.1147544598,4123755.3554546,1.067235404438688
302487.1388818346,4123755.39924809,1.0672354079131152
302487.1630092094,4123755.4430415807,1.0672354064779814
302487.187136584,4123755.486835071,1.067235407497628
302487.2112639586,4123755.530628561,1.0672354054583348
302487.2353913333,4123755.574422051,1.0672354079131152
302487.2595187081,4123755.618215542,1.0672354034190414
302487.2836460829,4123755.662009032,1.067235404438688
302487.30777345767,4123755.705802522,1.0672354064779814
302487.3319008323,4123755.7495960123,1.0672354119917018
302487.3560282069,4123755.793389503,1.067235404438688
302487.38015558163,4123755.837182993,1.0672354034190414
302487.40428295644,4123755.880976483,1.067235404438688
302487.4284103312,4123755.9247699734,1.0672354064779814
302487.45253770583,4123755.9685634635,1.0672354119917018
302487.4766650804,4123756.012356954,1.067235404438688
302487.50079245516,4123756.0561504443,1.067235404438688
302487.5249198299,4123756.0999439345,1.067235404438688
302487.54904720467,4123756.1437374246,1.0672354079131152
302487.5731745795,4123756.1875309153,1.0672354034190414
302487.5973019543,4123756.2313244054,1.0672354064779814
302487.6214293289,4123756.2751178956,1.067235407497628
302487.6455567035,4123756.3189113857,1.0672354099524084
302487.6696840782,4123756.3627048763,1.0672354034190414
302487.693811453,4123756.4064983665,1.067235404438688
302487.71793882776,4123756.4502918567,1.0672354034190414
302487.74206620257,4123756.494085347,1.0672354064779814
302487.7661935772,4123756.537878837,1.0672354119917018
302487.7903209518,4123756.5816723276,1.067235404438688
302487.81444832654,4123756.6254658177,1.067235404438688
302487.8385757013,4123756.669259308,1.067235404438688
302487.86270307604,4123756.713052798,1.0672354034190414
302487.88683045085,4123756.756846288,1.0672354109720552
302487.9109578255,4123756.800639779,1.0672354064779814
302487.9350852001,4123756.844433269,1.0672354054583348
302487.9592125748,4123756.888226759,1.067235404438688
302487.98333994957,4123756.9320202493,1.0672354079131152
302488.0074673244,4123756.97581374,1.0672354064779814
302488.031594699,4123757.01960723,1.067235407497628
302488.0557220736,4123757.0634007202,1.0672354054583348
302488.0798494483,4123757.1071942104,1.0672354079131152
302488.1039768231,4123757.150987701,1.067235404438688
302488.12810419785,4123757.194781191,1.0672354034190414
302488.15223157266,4123757.2385746813,1.0672354064779814
302488.1763589473,4123757.2823681715,1.0672354119917018
302488.2004863219,4123757.326161662,1.067235404438688
302488.2246136966,4123757.3699551523,1.067235404438688
302488.2487410714,4123757.4137486424,1.0672354034190414
302488.2728684462,4123757.4575421326,1.067235404438688
302488.29699582094,4123757.5013356227,1.0672354109720552
302488.3211231956,4123757.5451291134,1.0672354064779814
302488.3452505702,4123757.5889226035,1.0672354054583348
302488.3693779449,4123757.6327160937,1.067235404438688
302488.39350531966,4123757.676509584,1.0672354089327618
302488.4176326944,4123757.7203030745,1.0672354034190414
302488.4417600692,4123757.7640965646,1.0672354054583348
302488.4658874439,4123757.807890055,1.067235407497628
302488.4900148185,4123757.851683545,1.0672354099524084
302488.5141421932,4123757.8954770355,1.067235404438688
302488.53826956794,4123757.9392705257,1.0672354034190414
302488.56239694275,4123757.983064016,1.0672354034190414
302488.58652431756,4123758.026857506,1.0672354064779814
302488.6106516922,4123758.070650996,1.0672354119917018
302488.6347790668,4123758.114444487,1.0672354054583348
302488.6589064415,4123758.158237977,1.0672354034190414
302488.6830338163,4123758.202031467,1.067235404438688
302488.70716119104,4123758.2458249573,1.067235404438688
302488.7312885658,4123758.2896184474,1.0672354099524084
302488.7554159405,4123758.333411938,1.0672354064779814
302488.7795433151,4123758.377205428,1.0672354054583348
302488.8036706898,4123758.4209989184,1.067235404438688
302488.82779806457,4123758.4647924085,1.0672354089327618
302488.8519254393,4123758.508585899,1.0672354034190414
302488.8760528141,4123758.5523793893,1.0672354054583348
302488.9001801888,4123758.5961728795,1.0672354085172746
302488.92430756334,4123758.6399663696,1.0672354099524084
302488.94843493804,4123758.68375986,1.0672354034190414
302488.97256231285,4123758.7275533504,1.0672354034190414
302488.99668968766,4123758.7713468405,1.067235404438688
302489.0208170624,4123758.8151403307,1.0672354064779814
302489.04494443705,4123758.858933821,1.0672354109720552
302489.0690718117,4123758.9027273115,1.0672354054583348
302489.0931991864,4123758.9465208016,1.0672354034190414
302489.1173265612,4123758.990314292,1.067235404438688
302489.14145393594,4123759.034107782,1.067235404438688
302489.1655813107,4123759.077901272,1.0672354099524084
302489.1897086854,4123759.1216947627,1.067235407497628
302489.21383605996,4123759.165488253,1.0672354054583348
302489.23796343466,4123759.209281743,1.0672354089327618
302489.2620908094,4123759.2530752337,1.0672354034190414
302489.2862181842,4123759.296868724,1.0672354054583348
302489.3103455589,4123759.340662214,1.067235407497628
302489.3344729335,4123759.384455704,1.0672354099524084
302489.3586003082,4123759.4282491948,1.067235404438688
302489.38272768294,4123759.472042685,1.0672354034190414
302489.40685505775,4123759.515836175,1.0672354034190414
302489.43098243256,4123759.559629665,1.0672354064779814
302489.4551098072,4123759.6034231554,1.0672354119917018
302489.4792371818,4123759.647216646,1.0672354054583348
302489.50336455647,4123759.691010136,1.0672354034190414
302489.5274919313,4123759.7348036263,1.067235404438688
302489.55161930603,4123759.7785971165,1.067235404438688
302489.5757466808,4123759.8223906066,1.0672354099524084
302489.5998740555,4123759.8661840972,1.0672354064779814
302489.6240014301,4123759.9099775874,1.0672354054583348
302489.6481288048,4123759.9537710776,1.067235404438688
302489.67225617956,4123759.9975645677,1.0672354089327618
302489.6963835543,4123760.0413580583,1.0672354034190414
302489.7205109291,4123760.0851515485,1.0672354054583348
302489.7446383038,4123760.1289450387,1.0672354085172746
302489.76876567834,4123760.172738529,1.0672354099524084
302489.79289305303,4123760.2165320194,1.0672354034190414
302489.81702042784,4123760.2603255096,1.0672354034190414
302489.84114780265,4123760.3041189997,1.067235404438688
302489.8652751774,4123760.34791249,1.0672354064779814
302489.88940255204,4123760.39170598,1.0672354109720552
302489.9135299267,4123760.4354994707,1.0672354054583348
302489.9376573014,4123760.479292961,1.067235404438688
302489.9617846761,4123760.523086451,1.0672354034190414
302489.98591205094,4123760.566879941,1.067235404438688
302490.0100394257,4123760.6106734313,1.0672354099524084
302490.0341668004,4123760.654466922,1.067235407497628
302490.05829417496,4123760.698260412,1.0672354054583348
302490.08242154965,4123760.7420539022,1.0672354089327618
302490.1065489244,4123760.785847393,1.0672354034190414
302490.1306762992,4123760.829640883,1.0672354054583348
302490.1548036739,4123760.873434373,1.067235407497628
302490.1789310485,4123760.9172278633,1.0672354099524084
302490.2030584232,4123760.961021354,1.067235404438688
302490.22718579794,4123761.004814844,1.0672354034190414
302490.25131317275,4123761.0486083343,1.067235404438688
302490.2754405475,4123761.0924018244,1.067235404438688
302490.29956792225,4123761.1361953146,1.0672354054583348
302490.32369529695,4123761.1799888047,1.0672354109720552
302490.3478226716,4123761.2237822954,1.0672354064779814
302490.3719500462,4123761.2675757855,1.0672354034190414
302490.396077421,4123761.3113692757,1.067235404438688
302490.4202047958,4123761.355162766,1.0672354079131152
302490.4443321706,4123761.3989562565,1.0672354054583348
302490.4684595453,4123761.4427497466,1.067235407497628
302490.49258691986,4123761.4865432368,1.0672354064779814
302490.5167142945,4123761.530336727,1.0672354079131152
302490.5408416693,4123761.5741302175,1.0672354034190414
302490.5649690441,4123761.6179237077,1.067235404438688
302490.5890964189,4123761.661717198,1.0672354054583348
302490.61322379357,4123761.705510688,1.0672354119917018
302490.63735116814,4123761.7493041786,1.0672354054583348
302490.66147854284,4123761.793097669,1.0672354034190414
302490.68560591765,4123761.836891159,1.067235404438688
302490.7097332924,4123761.880684649,1.0672354054583348
302490.7338606671,4123761.9244781393,1.0672354119917018
302490.7579880417,4123761.96827163,1.0672354054583348
302490.78211541637,4123762.01206512,1.067235404438688
302490.8062427911,4123762.05585861,1.067235404438688
302490.8303701659,4123762.0996521004,1.0672354034190414
302490.8544975407,4123762.1434455905,1.0672354099524084
302490.8786249154,4123762.187239081,1.067235407497628
302490.90275228996,4123762.2310325713,1.0672354064779814
302490.9268796646,4123762.2748260614,1.0672354079131152
302490.9510070394,4123762.318619552,1.0672354034190414
302490.9751344142,4123762.362413042,1.0672354034190414
302490.999261789,4123762.4062065324,1.0672354054583348
302491.0233891637,4123762.4500000225,1.0672354085172746
302491.04751653824,4123762.4937935127,1.0672354099524084
302491.07164391293,4123762.5375870033,1.0672354034190414
302491.09577128774,4123762.5813804935,1.067235404438688
302491.1198986625,4123762.6251739836,1.067235404438688
302491.14402603725,4123762.668967474,1.0672354054583348
302491.16815341194,4123762.712760964,1.0672354109720552
302491.1922807866,4123762.7565544546,1.0672354064779814
302491.2164081612,4123762.8003479447,1.067235404438688
302491.24053553597,4123762.844141435,1.0672354034190414
302491.2646629108,4123762.887934925,1.0672354079131152
302491.2887902856,4123762.9317284157,1.0672354054583348
302491.3129176603,4123762.975521906,1.067235407497628
302491.33704503486,4123763.019315396,1.0672354064779814
302491.3611724095,4123763.063108886,1.0672354079131152
302491.3852997843,4123763.1069023767,1.0672354034190414
302491.4094271591,4123763.150695867,1.067235404438688
302491.43355453387,4123763.194489357,1.0672354054583348
302491.45768190856,4123763.238282847,1.0672354119917018
302491.48180928314,4123763.282076338,1.0672354054583348
302491.50593665784,4123763.325869828,1.067235404438688
302491.5300640326,4123763.369663318,1.0672354034190414
302491.5541914074,4123763.4134568083,1.067235404438688
302491.57831878215,4123763.4572502985,1.0672354054583348
302491.60244615684,4123763.5010437886,1.0672354109720552
302491.6265735315,4123763.5448372792,1.0672354064779814
302491.6507009061,4123763.5886307694,1.067235404438688
302491.67482828087,4123763.6324242596,1.0672354034190414
302491.6989556557,4123763.6762177497,1.0672354089327618
302491.72308303043,4123763.7200112403,1.067235404438688
302491.7472104052,4123763.7638047305,1.0672354085172746
302491.7713377797,4123763.8075982207,1.0672354099524084
302491.7954651544,4123763.8513917113,1.0672354034190414
302491.8195925292,4123763.8951852014,1.067235404438688
302491.84371990396,4123763.9389786916,1.0672354034190414
302491.8678472788,4123763.9827721817,1.0672354054583348
302491.89197465347,4123764.026565672,1.0672354119917018
302491.91610202804,4123764.0703591625,1.0672354064779814
302491.9402294027,4123764.1141526527,1.0672354034190414
302491.9643567775,4123764.157946143,1.067235404438688
302491.98848415224,4123764.201739633,1.067235404438688
302492.012611527,4123764.245533123,1.0672354089327618
302492.03673890175,4123764.289326614,1.067235407497628
302492.0608662763,4123764.333120104,1.0672354064779814
302492.08499365096,4123764.376913594,1.0672354034190414
302492.1091210258,4123764.4207070842,1.0672354089327618
302492.1332484005,4123764.464500575,1.067235404438688
302492.1573757753,4123764.508294065,1.067235407497628
302492.18150314986,4123764.552087555,1.0672354064779814
302492.2056305245,4123764.5958810453,1.0672354089327618
302492.22975789924,4123764.639674536,1.0672354034190414
302492.25388527405,4123764.683468026,1.0672354034190414
302492.27801264887,4123764.7272615163,1.0672354054583348
302492.30214002356,4123764.7710550064,1.0672354119917018
302492.32626739814,4123764.814848497,1.0672354064779814
302492.3503947728,4123764.858641987,1.0672354034190414
302492.3745221476,4123764.9024354774,1.0672354034190414
302492.3986495224,4123764.9462289675,1.067235404438688
302492.42277689715,4123764.9900224577,1.0672354054583348
302492.44690427184,4123765.033815948,1.0672354109720552
302492.4710316465,4123765.0776094384,1.0672354064779814
302492.4951590211,4123765.1214029286,1.067235404438688
302492.51928639587,4123765.1651964188,1.067235404438688
302492.5434137706,4123765.208989909,1.0672354079131152
302492.5675411454,4123765.2527833995,1.067235404438688
302492.5916685202,4123765.2965768897,1.0672354085172746
302492.6157958947,4123765.34037038,1.0672354109720552
302492.63992326934,4123765.3841638705,1.0672354034190414
302492.66405064415,4123765.4279573606,1.0672354034190414
302492.68817801896,4123765.471750851,1.0672354034190414
302492.71230539377,4123765.515544341,1.0672354054583348
302492.73643276846,4123765.559337831,1.0672354119917018
302492.76056014304,4123765.6031313217,1.0672354064779814
302492.7846875177,4123765.646924812,1.0672354034190414
302492.8088148925,4123765.690718302,1.067235404438688
302492.83294226724,4123765.734511792,1.067235404438688
302492.857069642,4123765.7783052824,1.0672354089327618
302492.88119701674,4123765.822098773,1.0672354064779814
302492.9053243914,4123765.865892263,1.0672354064779814
302492.929451766,4123765.9096857533,1.067235404438688
302492.95357914077,4123765.9534792434,1.0672354089327618
302492.9777065155,4123765.997272734,1.0672354034190414
302493.00183389033,4123766.041066224,1.067235404438688
302493.0259612651,4123766.0848597144,1.0672354085172746
302493.0500886396,4123766.1286532045,1.0672354109720552
302493.07421601424,4123766.172446695,1.0672354034190414
302493.09834338905,4123766.2162401853,1.0672354034190414
302493.12247076386,4123766.2600336755,1.067235404438688
302493.1465981386,4123766.3038271656,1.0672354054583348
302493.1707255133,4123766.347620656,1.0672354109720552
302493.19485288794,4123766.3914141464,1.0672354064779814
302493.2189802626,4123766.4352076366,1.0672354034190414
302493.2431076374,4123766.4790011267,1.067235404438688
302493.26723501214,4123766.522794617,1.067235404438688
302493.2913623869,4123766.566588107,1.0672354089327618
302493.31548976165,4123766.6103815977,1.067235407497628
302493.3396171362,4123766.654175088,1.0672354064779814
302493.36374451086,4123766.697968578,1.067235404438688
302493.3878718856,4123766.741762068,1.0672354079131152
302493.4119992604,4123766.7855555587,1.0672354034190414
302493.43612663524,4123766.829349049,1.0672354054583348
302493.46025400993,4123766.873142539,1.067235407497628
302493.4843813845,4123766.916936029,1.0672354109720552
302493.50850875914,4123766.96072952,1.0672354034190414
302493.53263613395,4123767.00452301,1.0672354034190414
302493.55676350876,4123767.0483165,1.0672354054583348
302493.58089088346,4123767.0921099903,1.0672354119917018
302493.60501825804,4123767.135903481,1.0672354064779814
302493.6291456327,4123767.179696971,1.0672354034190414
302493.6532730075,4123767.2234904612,1.067235404438688
302493.67740038224,4123767.2672839514,1.067235404438688
302493.701527757,4123767.3110774416,1.0672354089327618
302493.72565513174,4123767.354870932,1.0672354064779814
302493.7497825064,4123767.3986644223,1.0672354064779814
302493.773909881,4123767.4424579125,1.067235404438688
302493.79803725576,4123767.4862514026,1.0672354089327618
302493.8221646305,4123767.5300448933,1.0672354034190414
302493.8462920053,4123767.5738383834,1.067235404438688
302493.8704193801,4123767.6176318736,1.0672354085172746
302493.8945467546,4123767.6614253637,1.0672354109720552
302493.91867412924,4123767.7052188544,1.0672354034190414
302493.94280150405,4123767.7490123445,1.0672354034190414
302493.96692887886,4123767.7928058347,1.067235404438688
302493.9910562536,4123767.836599325,1.0672354054583348
302494.0151836283,4123767.880392815,1.0672354109720552
302494.03931100294,4123767.9241863056,1.0672354064779814
302494.0634383776,4123767.9679797958,1.0672354034190414
302494.0875657524,4123768.011773286,1.067235404438688
302494.11169312714,4123768.055566776,1.067235404438688
302494.1358205019,4123768.0993602662,1.0672354089327618
302494.15994787664,4123768.143153757,1.067235407497628
302494.1840752512,4123768.186947247,1.0672354064779814
302494.20820262586,4123768.230740737,1.067235404438688
302494.2323300006,4123768.2745342273,1.0672354079131152
302494.2564573754,4123768.318327718,1.067235404438688
302494.2805847502,4123768.362121208,1.067235404438688
302494.3047121249,4123768.4059146983,1.067235407497628
302494.3288394995,4123768.4497081884,1.0672354109720552
302494.35296687414,4123768.493501679,1.0672354034190414
302494.37709424895,4123768.537295169,1.067235404438688
302494.4012216237,4123768.5810886594,1.0672354034190414
302494.4253489985,4123768.6248821495,1.0672354054583348
302494.4494763732,4123768.6686756397,1.0672354109720552
302494.47360374784,4123768.7124691303,1.0672354064779814
302494.4977311225,4123768.7562626204,1.067235404438688
302494.52185849723,4123768.8000561106,1.067235404438688
302494.545985872,4123768.8438496008,1.0672354034190414
302494.5701132468,4123768.887643091,1.0672354089327618
302494.59424062155,4123768.9314365815,1.067235407497628
302494.6183679961,4123768.9752300717,1.0672354064779814
302494.64249537076,4123769.019023562,1.0672354089327618
302494.6666227455,4123769.0628170525,1.0672354034190414
302494.6907501203,4123769.1066105426,1.067235404438688
302494.7148774951,4123769.150404033,1.067235404438688
302494.7390048698,4123769.194197523,1.067235407497628
302494.7631322444,4123769.237991013,1.0672354109720552
302494.78725961904,4123769.2817845037,1.067235404438688
302494.8113869938,4123769.325577994,1.0672354034190414
302494.8355143686,4123769.369371484,1.0672354054583348
302494.8596417433,4123769.413164974,1.0672354109720552
302494.88376911794,4123769.456958465,1.0672354064779814
302494.9078964926,4123769.500751955,1.067235404438688
302494.9320238673,4123769.544545445,1.067235404438688
302494.9561512421,4123769.5883389353,1.0672354034190414
302494.9802786169,4123769.6321324254,1.0672354089327618
302495.00440599164,4123769.675925916,1.067235407497628
302495.0285333662,4123769.719719406,1.0672354064779814
302495.05266074085,4123769.7635128964,1.067235404438688
302495.0767881156,4123769.8073063865,1.0672354079131152
302495.1009154904,4123769.851099877,1.067235404438688
302495.12504286517,4123769.8948933673,1.0672354034190414
302495.14917024,4123769.9386868575,1.0672354085172746
302495.1732976145,4123769.9824803476,1.0672354109720552
302495.19742498914,4123770.0262738382,1.0672354034190414
302495.22155236395,4123770.0700673284,1.067235404438688
302495.2456797387,4123770.1138608186,1.067235404438688
302495.26980711345,4123770.1576543087,1.067235404438688
302495.2939344882,4123770.201447799,1.0672354109720552
302495.31806186284,4123770.2452412895,1.067235407497628
302495.3421892374,4123770.2890347796,1.067235404438688
302495.36631661217,4123770.33282827,1.0672354034190414
302495.390443987,4123770.37662176,1.067235404438688
302495.41457136173,4123770.42041525,1.0672354079131152
302495.43869873654,4123770.4642087407,1.067235407497628
302495.4628261111,4123770.508002231,1.067235407497628
302495.4869534857,4123770.551795721,1.0672354079131152
302495.5110808605,4123770.5955892117,1.067235404438688
302495.53520823526,4123770.639382702,1.0672354034190414
302495.5593356101,4123770.683176192,1.067235404438688
302495.5834629848,4123770.726969682,1.067235407497628
302495.6075903594,4123770.7707631723,1.0672354109720552
302495.63171773404,4123770.814556663,1.067235404438688
302495.6558451088,4123770.858350153,1.067235404438688
302495.67997248354,4123770.9021436432,1.067235404438688
302495.7040998583,4123770.9459371334,1.067235404438688
