302602.66689845116,4124013.2393510547,1.450637725416152
302602.6728919345,4124013.2889905367,1.4506377242997788
302602.6788854179,4124013.3386300183,1.4506377231046335
302602.68487890135,4124013.3882695003,1.4506377242997788
302602.6908723847,4124013.437908982,1.4506377242603927
302602.6968658681,4124013.487548464,1.4506377242997788
302602.70285935147,4124013.5371879456,1.450637725416152
302602.7088528348,4124013.5868274276,1.4506377242997788
302602.7148463182,4124013.636466909,1.4506377231046335
302602.72083980165,4124013.6861063913,1.4506377242997788
302602.726833285,4124013.735745873,1.450637725416152
302602.73282676836,4124013.785385355,1.4506377242997788
302602.7388202517,4124013.8350248365,1.4506377231046335
302602.7448137352,4124013.8846643185,1.450637725416152
302602.75080721854,4124013.9343038006,1.4506377231440195
302602.75680070196,4124013.983943282,1.450637725416152
302602.7627941853,4124014.033582764,1.4506377231440195
302602.7687876687,4124014.083222246,1.4506377242603927
302602.77478115214,4124014.132861728,1.4506377231440195
302602.78077463555,4124014.1825012094,1.450637725416152
302602.7867681189,4124014.2321406915,1.4506377242997788
302602.79276160226,4124014.281780173,1.4506377242603927
302602.7987550857,4124014.331419655,1.4506377231440195
302602.8047485691,4124014.3810591367,1.4506377242603927
302602.8107420525,4124014.4306986188,1.4506377242997788
302602.81673553586,4124014.4803381003,1.450637725416152
302602.8227290192,4124014.5299775824,1.450637725416152
302602.82872250257,4124014.5796170644,1.4506377231440195
302602.834715986,4124014.629256546,1.4506377242603927
302602.8407094694,4124014.678896028,1.4506377242997788
302602.84670295275,4124014.7285355097,1.450637725416152
302602.8526964361,4124014.7781749917,1.4506377231440195
302602.8586899195,4124014.8278144733,1.450637725416152
302602.8646834029,4124014.8774539554,1.4506377219882602
302602.87067688635,4124014.927093437,1.450637725416152
302602.8766703697,4124014.976732919,1.4506377242997788
302602.88266385306,4124015.0263724006,1.450637725416152
302602.8886573364,4124015.0760118826,1.4506377219882602
302602.8946508199,4124015.125651364,1.450637725416152
302602.90064430324,4124015.1752908463,1.4506377231440195
302602.90663778665,4124015.224930328,1.450637725416152
302602.91263127,4124015.27456981,1.450637725416152
302602.91862475337,4124015.324209292,1.4506377242997788
302602.9246182367,4124015.3738487735,1.4506377231046335
302602.9306117202,4124015.4234882556,1.4506377231440195
302602.9366052036,4124015.473127737,1.450637725416152
302602.94259868696,4124015.522767219,1.4506377231440195
302602.9485921704,4124015.572406701,1.4506377242603927
302602.9545856538,4124015.622046183,1.4506377242997788
302602.96057913714,4124015.6716856644,1.450637725416152
302602.9665726205,4124015.7213251465,1.4506377231440195
302602.9725661039,4124015.770964628,1.4506377242603927
302602.9785595873,4124015.82060411,1.4506377231440195
302602.98455307074,4124015.8702435917,1.450637725416152
302602.9905465541,4124015.919883074,1.450637725416152
302602.99654003745,4124015.969522556,1.4506377242997788
302603.0025335208,4124016.0191620374,1.4506377231046335
302603.0085270043,4124016.0688015195,1.4506377242997788
302603.01452048763,4124016.118441001,1.450637725416152
302603.020513971,4124016.168080483,1.4506377242997788
302603.02650745434,4124016.2177199647,1.4506377242603927
302603.03250093776,4124016.2673594467,1.4506377242997788
302603.0384944211,4124016.3169989283,1.4506377231046335
302603.0444879046,4124016.3666384104,1.4506377242997788
302603.05048138794,4124016.416277892,1.450637725416152
302603.0564748713,4124016.465917374,1.4506377231440195
302603.0624683547,4124016.5155568556,1.4506377242603927
302603.0684618381,4124016.5651963376,1.4506377231440195
302603.07445532153,4124016.614835819,1.450637725416152
302603.0804488049,4124016.6644753013,1.4506377242603927
302603.0864422883,4124016.7141147833,1.450637725455538
302603.0924357716,4124016.763754265,1.4506377242603927
302603.098429255,4124016.813393747,1.4506377231440195
302603.1044227384,4124016.8630332286,1.4506377242603927
302603.11041622184,4124016.9126727106,1.4506377242997788
302603.1164097052,4124016.962312192,1.4506377242603927
302603.1224031886,4124017.0119516742,1.4506377231440195
302603.128396672,4124017.061591156,1.450637725416152
302603.1343901554,4124017.111230638,1.4506377242997788
302603.14038363873,4124017.1608701195,1.4506377242603927
302603.14637712215,4124017.2105096015,1.4506377231440195
302603.15237060556,4124017.260149083,1.4506377242603927
302603.158364089,4124017.309788565,1.450637725416152
302603.1643575723,4124017.359428047,1.4506377242997788
302603.1703510557,4124017.409067529,1.450637725416152
302603.17634453904,4124017.458707011,1.4506377219882602
302603.1823380225,4124017.5083464924,1.450637725416152
302603.18833150587,4124017.5579859745,1.4506377242997788
302603.1943249892,4124017.607625456,1.450637725416152
302603.2003184726,4124017.657264938,1.4506377231440195
302603.206311956,4124017.7069044197,1.4506377242603927
302603.2123054394,4124017.7565439017,1.4506377231440195
302603.2182989228,4124017.8061833833,1.4506377242603927
302603.22429240623,4124017.8558228654,1.450637725455538
302603.2302858895,4124017.905462347,1.4506377242603927
302603.23627937294,4124017.955101829,1.4506377242603927
302603.24227285635,4124018.004741311,1.4506377231440195
302603.24826633977,4124018.0543807927,1.450637725416152
302603.2542598231,4124018.1040202747,1.4506377231440195
302603.26025330654,4124018.1536597563,1.450637725416152
302603.2662467899,4124018.2032992383,1.4506377242997788
302603.27224027325,4124018.25293872,1.4506377242603927
302603.27823375666,4124018.302578202,1.4506377231440195
302603.2842272401,4124018.3522176836,1.450637725416152
302603.29022072343,4124018.4018571656,1.4506377231440195
302603.29621420684,4124018.451496647,1.4506377242603927
302603.30220769026,4124018.5011361293,1.4506377242997788
302603.3082011736,4124018.550775611,1.450637725416152
302603.31419465697,4124018.600415093,1.4506377231440195
302603.3201881404,4124018.6500545745,1.4506377242603927
302603.3261816238,4124018.6996940565,1.4506377242603927
302603.3321751072,4124018.7493335386,1.4506377242997788
302603.33816859056,4124018.79897302,1.450637725416152
302603.3441620739,4124018.848612502,1.4506377231440195
302603.35015555733,4124018.898251984,1.4506377242603927
302603.35614904074,4124018.947891466,1.4506377231440195
302603.36214252416,4124018.9975309474,1.450637725416152
302603.3681360075,4124019.0471704295,1.4506377242997788
302603.37412949087,4124019.096809911,1.450637725416152
302603.3801229742,4124019.146449393,1.4506377231440195
302603.38611645764,4124019.1960888747,1.4506377242603927
302603.39210994105,4124019.2457283568,1.4506377231440195
302603.39810342446,4124019.2953678383,1.450637725416152
302603.4040969078,4124019.3450073204,1.450637725416152
302603.4100903912,4124019.3946468025,1.4506377231440195
302603.4160838746,4124019.444286284,1.4506377242603927
302603.422077358,4124019.493925766,1.4506377242997788
302603.42807084136,4124019.5435652477,1.4506377242603927
302603.43406432477,4124019.5932047297,1.4506377242997788
302603.4400578081,4124019.6428442113,1.450637725416152
302603.4460512915,4124019.6924836934,1.4506377231440195
302603.4520447749,4124019.742123175,1.4506377242603927
302603.4580382583,4124019.791762657,1.4506377242997788
302603.46403174166,4124019.8414021386,1.450637725416152
302603.470025225,4124019.8910416206,1.4506377219882602
302603.4760187085,4124019.940681102,1.4506377242603927
302603.4820121919,4124019.9903205843,1.450637725416152
302603.48800567526,4124020.0399600663,1.4506377242997788
302603.4939991586,4124020.089599548,1.4506377231046335
302603.4999926421,4124020.13923903,1.4506377242997788
302603.50598612544,4124020.1888785115,1.4506377242603927
302603.51197960885,4124020.2385179936,1.4506377242997788
302603.5179730922,4124020.288157475,1.450637725416152
302603.52396657557,4124020.337796957,1.4506377231440195
302603.529960059,4124020.387436439,1.4506377242603927
302603.5359535424,4124020.437075921,1.4506377242997788
302603.54194702575,4124020.4867154025,1.450637725416152
302603.5479405091,4124020.5363548845,1.4506377242997788
302603.55393399246,4124020.585994366,1.4506377242603927
302603.5599274759,4124020.635633848,1.4506377242603927
302603.5659209593,4124020.68527333,1.4506377231440195
302603.5719144427,4124020.734912812,1.450637725416152
302603.57790792605,4124020.784552294,1.4506377242997788
302603.5839014094,4124020.8341917754,1.4506377242603927
302603.5898948928,4124020.8838312575,1.4506377231440195
302603.59588837624,4124020.933470739,1.450637725416152
302603.6018818596,4124020.983110221,1.4506377231440195
302603.607875343,4124021.0327497027,1.450637725416152
302603.61386882636,4124021.0823891847,1.4506377242997788
302603.6198623097,4124021.1320286663,1.4506377242603927
302603.6258557931,4124021.1816681484,1.4506377231440195
302603.63184927654,4124021.23130763,1.450637725416152
302603.6378427599,4124021.280947112,1.4506377242997788
302603.64383624325,4124021.3305865936,1.4506377242603927
302603.64982972667,4124021.3802260756,1.4506377242603927
302603.6558232101,4124021.4298655577,1.4506377231440195
302603.6618166935,4124021.4795050393,1.450637725416152
302603.66781017685,4124021.5291445213,1.4506377231440195
302603.67380366026,4124021.578784003,1.4506377242603927
302603.6797971437,4124021.628423485,1.4506377231440195
302603.6857906271,4124021.6780629666,1.450637725416152
302603.69178411044,4124021.7277024486,1.4506377242997788
302603.6977775938,4124021.77734193,1.4506377242603927
302603.7037710772,4124021.8269814122,1.4506377231440195
302603.7097645606,4124021.876620894,1.450637725416152
302603.715758044,4124021.926260376,1.4506377242997788
302603.72175152734,4124021.9758998575,1.450637725416152
302603.7277450107,4124022.0255393395,1.4506377242603927
302603.7337384941,4124022.0751788216,1.4506377231440195
302603.7397319775,4124022.124818303,1.4506377242603927
302603.74572546093,4124022.174457785,1.4506377242997788
302603.7517189443,4124022.224097267,1.450637725416152
302603.75771242764,4124022.273736749,1.4506377231440195
302603.76370591106,4124022.3233762304,1.4506377242603927
302603.76969939447,4124022.3730157125,1.4506377231440195
302603.7756928779,4124022.422655194,1.450637725416152
302603.78168636124,4124022.472294676,1.4506377242997788
302603.7876798446,4124022.5219341577,1.450637725416152
302603.79367332795,4124022.5715736398,1.4506377231440195
302603.79966681136,4124022.6212131213,1.4506377242603927
302603.8056602948,4124022.6708526034,1.450637725416152
302603.81165377813,4124022.7204920854,1.4506377242997788
302603.8176472615,4124022.770131567,1.4506377242603927
302603.8236407449,4124022.819771049,1.4506377231440195
302603.8296342283,4124022.8694105307,1.4506377242603927
302603.8356277117,4124022.9190500127,1.4506377242997788
302603.8416211951,4124022.9686894943,1.4506377242603927
302603.8476146785,4124023.0183289764,1.4506377231440195
302603.8536081619,4124023.067968458,1.4506377242603927
302603.8596016453,4124023.11760794,1.4506377242997788
302603.8655951287,4124023.1672474216,1.450637725416152
302603.87158861203,4124023.2168869036,1.4506377231440195
302603.87758209545,4124023.266526385,1.4506377242603927
302603.88357557886,4124023.3161658673,1.4506377242997788
302603.8895690622,4124023.365805349,1.4506377242603927
302603.89556254563,4124023.415444831,1.450637725416152
302603.901556029,4124023.465084313,1.4506377242997788
302603.90754951234,4124023.5147237945,1.4506377242603927
302603.91354299575,4124023.5643632766,1.4506377231440195
302603.91953647917,4124023.614002758,1.450637725416152
302603.9255299625,4124023.66364224,1.4506377242997788
302603.9315234459,4124023.713281722,1.4506377242603927
302603.9375169293,4124023.762921204,1.4506377242997788
302603.94351041265,4124023.8125606854,1.4506377242603927
302603.94950389606,4124023.8622001675,1.4506377231440195
302603.9554973795,4124023.911839649,1.4506377242603927
302603.9614908629,4124023.961479131,1.450637725455538
302603.9674843462,4124024.0111186127,1.4506377242603927
302603.9734778296,4124024.060758095,1.4506377242603927
302603.979471313,4124024.110397577,1.4506377231440195
302603.9854647964,4124024.1600370584,1.4506377265719113
302603.9914582797,4124024.2096765405,1.4506377231440195
302603.99745176313,4124024.259316022,1.450637725416152
302604.0034452465,4124024.308955504,1.4506377231440195
302604.0094387299,4124024.3585949857,1.4506377242603927
302604.0154322133,4124024.4082344677,1.4506377231440195
302604.02142569673,4124024.4578739493,1.4506377242603927
302604.02741918014,4124024.5075134314,1.4506377231440195
302604.03341266356,4124024.557152913,1.450637725416152
302604.0394061469,4124024.606792395,1.4506377242997788
302604.04539963027,4124024.6564318766,1.4506377242603927
302604.0513931137,4124024.7060713586,1.4506377231440195
302604.0573865971,4124024.75571084,1.4506377242603927
302604.0633800805,4124024.8053503223,1.450637725416152
302604.06937356386,4124024.8549898043,1.4506377231440195
302604.0753670473,4124024.904629286,1.4506377265719113
302604.0813605306,4124024.954268768,1.4506377231440195
302604.087354014,4124025.0039082495,1.4506377242603927
302604.0933474974,4124025.0535477316,1.4506377231440195
302604.0993409808,4124025.103187213,1.4506377265719113
302604.1053344641,4124025.1528266952,1.4506377231440195
302604.1113279475,4124025.202466177,1.450637725416152
302604.1173214309,4124025.252105659,1.4506377231440195
302604.1233149143,4124025.3017451405,1.4506377242603927
302604.1293083977,4124025.3513846225,1.4506377231440195
302604.1353018811,4124025.401024104,1.4506377265719113
302604.1412953644,4124025.450663586,1.4506377242603927
302604.14728884783,4124025.500303068,1.4506377231440195
302604.15328233124,4124025.54994255,1.4506377242603927
302604.15927581466,4124025.599582032,1.4506377231440195
302604.1652692981,4124025.6492215134,1.450637725416152
302604.1712627814,4124025.6988609955,1.4506377242997788
302604.1772562648,4124025.748500477,1.450637725416152
302604.18324974814,4124025.798139959,1.4506377219882602
302604.1892432316,4124025.8477794407,1.450637725416152
302604.19523671496,4124025.8974189227,1.4506377231440195
302604.2012301984,4124025.9470584043,1.4506377242603927
302604.2072236818,4124025.9966978864,1.4506377231440195
302604.2132171652,4124026.046337368,1.4506377265719113
302604.2192106485,4124026.09597685,1.4506377242603927
302604.2252041319,4124026.145616332,1.4506377231440195
302604.2311976153,4124026.1952558137,1.4506377242603927
302604.23719109874,4124026.2448952957,1.4506377242997788
302604.2431845821,4124026.2945347773,1.4506377242603927
302604.2491780655,4124026.3441742593,1.450637725455538
302604.2551715488,4124026.393813741,1.4506377242603927
302604.2611650322,4124026.443453223,1.4506377231440195
302604.26715851563,4124026.4930927046,1.4506377242603927
302604.27315199905,4124026.5427321866,1.4506377242997788
302604.2791454824,4124026.592371668,1.450637725416152
302604.28513896576,4124026.6420111503,1.4506377242997788
302604.2911324491,4124026.691650632,1.4506377242603927
302604.2971259325,4124026.741290114,1.4506377242603927
302604.30311941594,4124026.790929596,1.4506377231440195
302604.30911289935,4124026.8405690775,1.450637725416152
302604.3151063827,4124026.8902085596,1.4506377242997788
302604.32109986607,4124026.939848041,1.4506377242603927
302604.3270933495,4124026.989487523,1.4506377231440195
302604.3330868329,4124027.039127005,1.4506377242603927
302604.3390803163,4124027.088766487,1.4506377242997788
302604.34507379966,4124027.1384059684,1.450637725416152
302604.351067283,4124027.1880454505,1.4506377242997788
302604.3570607664,4124027.237684932,1.4506377231046335
302604.36305424984,4124027.287324414,1.4506377242997788
302604.3690477332,4124027.3369638957,1.4506377242603927
302604.3750412166,4124027.3866033778,1.4506377231440195
302604.3810347,4124027.4362428593,1.4506377242603927
302604.38702818344,4124027.4858823414,1.450637725416152
302604.3930216668,4124027.5355218234,1.4506377242997788
302604.39901515015,4124027.585161305,1.4506377242603927
302604.40500863356,4124027.634800787,1.4506377231440195
302604.411002117,4124027.6844402687,1.450637725416152
302604.41699560033,4124027.7340797507,1.4506377231440195
302604.42298908375,4124027.7837192323,1.450637725416152
302604.4289825671,4124027.8333587144,1.4506377242997788
302604.43497605046,4124027.882998196,1.4506377242603927
302604.44096953387,4124027.932637678,1.4506377231440195
302604.4469630173,4124027.9822771596,1.450637725416152
302604.45295650064,4124028.0319166416,1.4506377242997788
302604.458949984,4124028.081556123,1.4506377242603927
302604.4649434674,4124028.1311956053,1.450637725416152
302604.47093695076,4124028.1808350873,1.4506377231440195
302604.4769304342,4124028.230474569,1.4506377242603927
302604.4829239176,4124028.280114051,1.4506377242997788
302604.48891740094,4124028.3297535325,1.450637725416152
302604.4949108843,4124028.3793930146,1.4506377231440195
302604.5009043677,4124028.429032496,1.4506377242603927
302604.5068978511,4124028.478671978,1.4506377231440195
302604.51289133454,4124028.52831146,1.450637725416152
302604.5188848179,4124028.577950942,1.4506377242997788
302604.52487830125,4124028.6275904234,1.450637725416152
302604.5308717846,4124028.6772299055,1.4506377219882602
302604.5368652681,4124028.726869387,1.450637725416152
302604.54285875143,4124028.776508869,1.4506377242603927
302604.54885223485,4124028.826148351,1.4506377231440195
302604.55484571826,4124028.875787833,1.4506377242603927
302604.5608392017,4124028.925427315,1.4506377242997788
302604.566832685,4124028.9750667964,1.450637725416152
302604.5728261684,4124029.0247062785,1.4506377231440195
302604.5788196518,4124029.07434576,1.4506377242603927
302604.5848131352,4124029.123985242,1.4506377231440195
302604.5908066186,4124029.1736247237,1.450637725416152
302604.596800102,4124029.2232642057,1.4506377242997788
302604.60279358533,4124029.2729036873,1.450637725416152
302604.6087870687,4124029.3225431694,1.4506377231440195
302604.6147805521,4124029.372182651,1.4506377242603927
302604.6207740355,4124029.421822133,1.4506377242997788
302604.6267675189,4124029.4714616146,1.450637725416152
302604.6327610022,4124029.5211010966,1.4506377242603927
302604.63875448564,4124029.5707405787,1.4506377242997788
302604.644747969,4124029.6203800603,1.4506377242603927
302604.6507414524,4124029.6700195423,1.4506377231440195
302604.6567349358,4124029.719659024,1.450637725416152
302604.6627284192,4124029.769298506,1.4506377242997788
302604.66872190253,4124029.8189379876,1.4506377231046335
302604.674715386,4124029.8685774696,1.4506377242997788
302604.68070886936,4124029.918216951,1.4506377242603927
302604.6867023528,4124029.9678564332,1.4506377242997788
302604.69269583613,4124030.017495915,1.450637725416152
302604.6986893195,4124030.067135397,1.4506377231440195
302604.7046828029,4124030.1167748785,1.4506377242603927
302604.7106762863,4124030.1664143605,1.4506377242603927
302604.7166697697,4124030.2160538426,1.450637725455538
302604.722663253,4124030.265693324,1.4506377242603927
302604.72865673644,4124030.315332806,1.4506377231440195
302604.73465021985,4124030.364972288,1.4506377242603927
302604.74064370326,4124030.41461177,1.4506377242997788
302604.7466371866,4124030.4642512514,1.4506377242603927
302604.75263067003,4124030.5138907335,1.4506377242997788
302604.7586241534,4124030.563530215,1.4506377242603927
302604.7646176368,4124030.613169697,1.4506377231440195
302604.7706111202,4124030.6628091787,1.450637725416152
302604.77660460357,4124030.7124486607,1.4506377242997788
302604.7825980869,4124030.7620881423,1.4506377242603927
302604.78859157034,4124030.8117276244,1.4506377231440195
302604.79458505375,4124030.861367106,1.450637725416152
302604.8005785371,4124030.911006588,1.450637725416152
302604.80657202046,4124030.96064607,1.4506377231440195
302604.8125655039,4124031.0102855517,1.450637725416152
302604.81855898723,4124031.0599250337,1.4506377231440195
302604.82455247064,4124031.1095645153,1.4506377242603927
302604.83054595406,4124031.1592039973,1.4506377242997788
302604.8365394374,4124031.208843479,1.4506377242603927
302604.8425329208,4124031.258482961,1.4506377231440195
302604.84852640424,4124031.3081224426,1.4506377242603927
302604.85451988765,4124031.3577619246,1.4506377242997788
302604.860513371,4124031.407401406,1.4506377265719113
302604.8665068543,4124031.4570408883,1.4506377277276705
302604.87250033754,4124031.5066803703,1.4506377266112973
302604.8784938208,4124031.556319852,1.4506377277276705
302604.884487304,4124031.605959334,1.4506377277670566
302604.8904807872,4124031.6555988155,1.4506377288834298
302604.8964742704,4124031.7052382976,1.4506377300785749
302604.90246775345,4124031.754877779,1.450637731194948
302604.9084612365,4124031.804517261,1.450637731194948
302604.9144547196,4124031.8541567433,1.4506377323900934
302604.9204482025,4124031.903796225,1.4506377369737444
302604.9264416853,4124031.953435707,1.450637739285263
302604.93243516795,4124032.003075189,1.4506377404410222
302604.93842865055,4124032.052714671,1.450637743947686
302604.9444221329,4124032.1023541526,1.4506377473755776
302604.95041561517,4124032.1519936346,1.4506377543101332
302604.95640909707,4124032.2016331167,1.4506377600889295
302604.9624025787,4124032.2512725987,1.4506377681792444
302604.9683960599,4124032.300912081,1.450637776269559
302604.9743895407,4124032.350551563,1.450637786632006
302604.980383021,4124032.4001910454,1.4506377947617073
302604.98637650086,4124032.4498305274,1.450637809747191
302604.99236998,4124032.49947001,1.4506378236163022
302604.9983634585,4124032.5491094925,1.4506378409526912
302605.0043569361,4124032.598748975,1.4506378629121173
302605.0103504126,4124032.6483884575,1.450637889455193
302605.0163438878,4124032.6980279405,1.4506379195049341
302605.0223373615,4124032.7476674234,1.4506379495546755
302605.02833083365,4124032.7973069064,1.4506379899668624
302605.03432430385,4124032.84694639,1.4506380384693638
302605.04031777167,4124032.896585874,1.450638090478532
302605.04631123686,4124032.9462253577,1.450638152850145
302605.05230469897,4124032.995864842,1.4506382256235917
302605.05829815747,4124033.045504327,1.4506383087988721
302605.06429161184,4124033.0951438122,1.4506384046875054
302605.07028506143,4124033.144783298,1.4506385190288957
302605.0762785054,4124033.1944227847,1.450638653018194
302605.0822719427,4124033.2440622724,1.4506388032275195
302605.0882653725,4124033.2937017605,1.4506389787847596
302605.09425879363,4124033.34334125,1.4506391798081046
302605.10025220475,4124033.3929807404,1.450639413153316
302605.1062456043,4124033.4426202322,1.45063967882039
302605.11223899067,4124033.492259726,1.4506399895620834
302605.1182323616,4124033.5418992215,1.4506403430668826
302605.124225715,4124033.591538719,1.450640755476015
302605.1302190479,4124033.6411782186,1.450641227905819
302605.1362123574,4124033.6908177217,1.4506417719927225
302605.14220563986,4124033.740457228,1.450642394671299
302605.1481988914,4124033.7900967374,1.4506431073808594
302605.15419210755,4124033.8397362516,1.4506439286924144
302605.160185283,4124033.889375771,1.4506448725145482
302605.1661784115,4124033.9390152954,1.4506459525585784
302605.1721714865,4124033.988654827,1.4506471886302612
302605.17816450004,4124034.038294365,1.450648603726422
302605.18415744335,4124034.087933912,1.4506502301688389
302605.190150306,4124034.137573469,1.4506520854124272
302605.19614307646,4124034.1872130367,1.450654209750787
302605.20213574154,4124034.2368526175,1.4506566367800426
302605.2081282861,4124034.2864922127,1.4506594149630938
302605.2141206928,4124034.3361318246,1.4506625847912145
302605.2201129421,4124034.3857714552,1.4506662108682884
302605.2261050114,4124034.4354111077,1.450670352138149
302605.2320968752,4124034.4850507854,1.4506750779863458
302605.23808850435,4124034.534690491,1.4506804726248081
302605.24407986575,4124034.584330229,1.4506866274385208
302605.25007092155,4124034.6339700036,1.4506936589208277
302605.2560616284,4124034.683609821,1.450701670094459
302605.2620519375,4124034.7332496857,1.4507108121254013
302605.26804179285,4124034.7828896055,1.4507212352634806
302605.2740311308,4124034.8325295877,1.4507331243116037
302605.2800198785,4124034.882169641,1.4507466756705527
302605.2860079536,4124034.9318097755,1.4507621203335872
302605.29199526197,4124034.9814500026,1.4507797240481353
302605.2979816965,4124035.031090335,1.4507997836459847
302605.30396713526,4124035.0807307875,1.450822642230534
302605.3099514393,4124035.130371377,1.4508486845138842
302605.3159344506,4124035.180012122,1.450878355143802
302605.32191598904,4124035.2296530446,1.4509121555672486
302605.3278958496,4124035.2792941695,1.4509506564131815
302605.3338737989,4124035.3289355244,1.4509945080604834
302605.3398495713,4124035.378577141,1.4510444566486005
302605.3458228642,4124035.4282190567,1.4511013375290212
302605.3517933334,4124035.4778613118,1.4511661151597566
302605.35776058695,4124035.527503954,1.4512398755357272
302605.36372417875,4124035.5771470354,1.4513238684248073
302605.3696836009,4124035.626790618,1.4514194963460707
302605.3756382757,4124035.67643477,1.4515283696011774
302605.3815875455,4124035.72607957,1.4516523098236704
302605.38753066235,4124035.7757251076,1.4517933908279448
302605.393466775,4124035.8253714824,1.4519539666262473
302605.3993949157,4124035.8750188104,1.4521367037351038
302605.40531398373,4124035.92466722,1.4523446377479186
302605.41122272814,4124035.97431686,1.4525811929867223
302605.41711972747,4124036.023967896,1.4528502555261515
302605.4230033673,4124036.073620517,1.453156219864578
302605.428871815,4124036.1232749354,1.4535040339740184
302605.4347229918,4124036.172931392,1.4538992824329207
302605.4405545415,4124036.2225901578,1.4543482361563125
302605.4463637961,4124036.272251536,1.4548579239516677
302605.45214773813,4124036.321915869,1.4554361872794241
302605.45790296013,4124036.371583538,1.4560917468346026
302605.46362562076,4124036.421254969,1.4568342354720387
302605.4693113993,4124036.4709306355,1.4576742260145679
302605.47495544876,4124036.52061106,1.4586232024679617
302605.4805523501,4124036.570296818,1.459693495047582
302605.4860960699,4124036.6199885374,1.4608981077627763
302605.49157992646,4124036.669686899,1.4622504544331265
302605.4969965686,4124036.719392631,1.463763878117815
302605.5023379786,4124036.7691065036,1.4654509539936742
302605.5075955101,4124036.818829317,1.4673224162254754
302605.5127599781,4124036.8685618835,1.469385603933144
302605.51782182767,4124036.918305,1.4716530503205225
302605.5227708745,4124036.968059466,1.4741108032876802
302605.52759762225,4124037.0178259453,1.476723500083663
302605.5322943288,4124037.0676048636,1.47945989917029
302605.53685480275,4124037.1173964455,1.482249190541979
302605.5412763757,4124037.167200552,1.484978430590509
302605.5455620049,4124037.217016539,1.487577318485552
302605.5497181535,4124037.2668434945,1.4900058953418365
302605.5537532813,4124037.316680396,1.492244728511652
302605.5576768226,4124037.3665262065,1.4942880000580308
302605.5614985073,4124037.4163799305,1.4961386843559434
302605.565227922,4124037.466240642,1.4978052129946273
302605.56887423736,4124037.516107501,1.4992991638996749
302605.5724460501,4124037.5659797527,1.5006337224666755
302605.5759513023,4124037.615856727,1.5018226363918132
302605.5793972527,4124037.665737835,1.5028795538525201
302605.582790481,4124037.715622558,1.5038176083154906
302605.5861369133,4124037.7655104427,1.504649152459578
302605.58944186044,4124037.815401093,1.5053856484618269
302605.5927100625,4124037.865294165,1.506037613030737
302605.5959457354,4124037.9151893575,1.5066146092549357
302605.59915261844,4124037.965086409,1.5071252948379497
302605.6023340194,4124038.014985092,1.507577463986162
302605.60549285734,4124038.0648852084,1.5079781184268308
302605.6086317024,4124038.1147865867,1.5083335289518995
302605.61175281176,4124038.164689078,1.508649309856558
302605.6148581627,4124038.214592552,1.5089304921318194
302605.6179494816,4124038.2644968973,1.5091815746172688
302605.6210282703,4124038.3144020177,1.5094065989416856
302605.624095829,4124038.3643078296,1.5096092052939911
302605.62715327647,4124038.414214262,1.5097926730688203
302605.63020156766,4124038.4641212546,1.5099599866120763
302605.6332415087,4124038.5140287564,1.5101138710945756
302605.63627376966,4124038.5639367253,1.5102568384921309
302605.63929889543,4124038.6138451276,1.510391221933865
302605.6423173143,4124038.6637539356,1.510519223696071
302605.6453293447,4124038.71366313,1.5106429312018703
302605.64833520097,4124038.763572696,1.510764374173293
302605.65133499604,4124038.8134826273,1.510885540663193
302605.6543287437,4124038.8633929216,1.5110084087859394
302605.65731635893,4124038.9133035834,1.5111349926790152
302605.66029765626,4124038.963214623,1.5112673576112388
302605.66327234707,4124039.013126056,1.5114076617635246
302605.6662400351,4124039.063037907,1.5115581883250575
302605.66920021,4124039.1129502035,1.5117213836826997
302605.6721522394,4124039.162862982,1.511899890494599
302605.67509535904,4124039.2127762875,1.5120965863620346
302605.6780286608,4124039.26269017,1.5123146309593483
302605.6809510791,4124039.312604692,1.512557507868448
302605.6838613742,4124039.3625199213,1.512829074529114
302605.6867581139,4124039.4124359395,1.5131336029008038
302605.6896396526,4124039.4623528374,1.5134758440797935
302605.69250410754,4124039.512270719,1.5138610682584854
302605.69534933264,4124039.562189699,1.51429512629609
302605.69817288977,4124039.61210991,1.5147844946957678
302605.7009720172,4124039.6620314973,1.5153363060256713
302605.70374359685,4124039.7119546207,1.5159583851952139
302605.7064841199,4124039.761879459,1.5166592535169823
302605.7091896515,4124039.8118062057,1.5174480800710055
302605.7118557987,4124039.8617350715,1.5183369428731412
302605.714477565,4124039.9116662876,1.5193494263788276
302605.71704877546,4124039.9616001328,1.520466390035733
302605.71956421,4124040.011536818,1.5217116861796152
302605.72201745654,4124040.0614765957,1.523093930205039
302605.7244016718,4124040.111419716,1.5246194487740679
302605.72670969507,4124040.161366414,1.5262906490172468
302605.72893424414,4124040.211316897,1.5281036826630194
302605.7310682276,4124040.2612713296,1.5300450136749724
302605.7331052289,4124040.311229808,1.5320866547148662
302605.7350402287,4124040.3611923386,1.534179330911312
302605.7368706688,4124040.411158807,1.5362429322063547
302605.73859799426,4124040.4611289464,1.538220503306372
302605.7402264969,4124040.511102404,1.540078293423623
302605.7417621566,4124040.561078802,1.5417985426694312
302605.74321184226,4124040.6110577695,1.5433743472251882
302605.7445827691,4124040.661038961,1.5448059967191372
302605.7458821391,4124040.711022065,1.5460983829018944
302605.7471169105,4124040.761006808,1.5472591973268235
302605.7482936582,4124040.8109929524,1.5482976740840184
302605.7494184958,4124040.860980293,1.549223740032926
302605.7504970414,4124040.9109686543,1.550047433060518
302605.75153441157,4124040.9609578885,1.550778541853571
302605.7525352339,4124041.010947868,1.5514263676669342
302605.75350367127,4124041.0609384864,1.5519996024270322
302605.7544434521,4124041.110929652,1.5525062580670788
302605.75535790453,4124041.1609212877,1.5529536511760798
302605.75624999095,4124041.2109133275,1.5533484096590988
302605.75712234253,4124041.260905716,1.5536965038934039
302605.757977292,4124041.3108984055,1.554003291969238
302605.7588169043,4124041.360891355,1.554273558475121
302605.7596430051,4124041.41088453,1.5545115633303468
302605.7604572073,4124041.4608779,1.5547210997684322
302605.761260934,4124041.5108714392,1.5549055230918472
302605.76205544075,4124041.5608651266,1.5550678134550584
302605.762841834,4124041.610858942,1.5552105992095686
302605.7636210888,4124041.660852869,1.5553362077982984
302605.76439406397,4124041.7108468935,1.555446690936437
302605.7651615156,4124041.760841003,1.555543861426213
302605.7659241093,4124041.8108351873,1.5556293143991533
302605.76668243087,4124041.8608294367,1.5557044572976855
302605.7674369957,4124041.9108237424,1.555770529484196
302605.7681882573,4124041.9608180984,1.5558286225298912
302605.76893661456,4124042.0108124977,1.555879694984938
302605.7696824185,4124042.060806935,1.5559245942585183
302605.7704259777,4124042.1108014057,1.5559640658803704
302605.77116756357,4124042.160795906,1.5559987614274953
302605.77190741483,4124042.210790432,1.556029259697263
302605.77264574135,4124042.2607849804,1.5560560661520175
302605.7733827277,4124042.3107795487,1.5560796241484234
302605.77411853627,4124042.3607741343,1.5561003295932172
302605.7748533097,4124042.4107687348,1.556118526284903
302605.77558717335,4124042.460763349,1.5561345174877108
302605.77632023755,4124042.510757975,1.5561485681191949
302605.7770525993,4124042.560752611,1.5561609152315126
302605.77778434375,4124042.6107472563,1.5561717639665504
302605.7785155458,4124042.6607419094,1.5561812947486742
302605.7792462714,4124042.7107365695,1.5561896695139308
302605.7799765783,4124042.760731236,1.5561970310298543
302605.78070651717,4124042.8107259073,1.5562034987073945
302605.7814361327,4124042.8607205837,1.5562091792292905
302605.7821654642,4124042.9107152643,1.5562141763300892
302605.7828945459,4124042.9607099486,1.5562185678640008
302605.783623408,4124043.0107046356,1.5562224287362099
302605.7843520771,4124043.060699326,1.5562258260531698
302605.7850805764,4124043.1106940187,1.5562288193161788
302605.785808926,4124043.160688713,1.5562314541937026
302605.78653714387,4124043.21068341,1.5562337849881747
302605.7872652452,4124043.2606781083,1.5562358388791768
302605.7879932439,4124043.3106728084,1.556237663185105
302605.78872115136,4124043.3606675095,1.55623928275737
302605.78944897786,4124043.410662212,1.5562407240974925
302605.7901767323,4124043.4606569153,1.5562420199338813
302605.79090442194,4124043.5106516196,1.5562431947111568
302605.79163205286,4124043.560646325,1.5562442623976724
302605.7923596304,4124043.610641031,1.5562452333341816
302605.7930871594,4124043.6606357377,1.5562461345644045
302605.79381464334,4124043.7106304453,1.556246978621651
302605.7945420851,4124043.7606251533,1.5562477854299421
302605.7952694865,4124043.810619862,1.5562485643015163
302605.79599684896,4124043.860614571,1.5562493363243879
302605.79672417283,4124043.9106092807,1.5562501082117806
302605.7974514581,4124043.960603991,1.5562508952315672
302605.79817870405,4124044.010598702,1.5562517125161393
302605.7989059091,4124044.060593413,1.5562525776613945
302605.79963307094,4124044.1105881254,1.5562535020367387
302605.80036018655,4124044.160582838,1.5562545009100195
302605.8010872522,4124044.2105775513,1.5562555943405865
302605.8018142632,4124044.260572266,1.5562567980831812
302605.80254121404,4124044.310566981,1.556258136988692
302605.8032680979,4124044.360561697,1.5562596296815736
302605.8039949072,4124044.410556414,1.556261308483911
302605.8047216325,4124044.4605511324,1.5562631947543506
302605.80544826353,4124044.5105458526,1.556265324036433
302605.8061747881,4124044.5605405737,1.5562677330917682
302605.80690119223,4124044.610535297,1.5562704608208164
302605.80762746,4124044.660530022,1.5562735556252747
302605.808353573,4124044.7105247495,1.556277065718119
302605.80907951057,4124044.760519479,1.5562810524402948
302605.8098052488,4124044.810514212,1.5562855848224284
302605.81053076044,4124044.860508948,1.5562907344111312
302605.8112560146,4124044.910503688,1.5562965918656249
302605.81198097597,4124044.9604984317,1.556303250443377
302605.8127056044,4124045.0104931807,1.5563108239494732
302605.8134298542,4124045.060487935,1.5563194373400437
302605.8141536734,4124045.1104826955,1.5563292346851658
302605.8148770028,4124045.160477463,1.5563403803827824
302605.81559977494,4124045.210472239,1.5563530569165533
302605.8163219133,4124045.260467024,1.5563674764095734
302605.8170433308,4124045.310461819,1.5563838799506446
302605.8177639282,4124045.3604566264,1.5564025361627354
302605.8184835929,4124045.4104514467,1.556423756378875
302605.81920219667,4124045.4604462828,1.5564478916013127
302605.8199195938,4124045.5104411356,1.5564753417622745
302605.8206356186,4124045.5604360085,1.5565065605674238
302605.8213500826,4124045.6104309037,1.5565420649816497
302605.82206277153,4124045.660425824,1.5565824361239984
302605.82277344214,4124045.7104207734,1.556628339822462
302605.8234818178,4124045.760415755,1.5566805328330495
302605.82418758405,4124045.810410774,1.5567398674941046
302605.82489038387,4124045.8604058344,1.5568073087933996
302605.82558981195,4124045.910400942,1.5568839548116578
302605.8262854081,4124045.960396103,1.5569710442168465
302605.8269766502,4124046.0103913248,1.5570699751529906
302605.82766294625,4124046.0603866144,1.5571823229561221
302605.8283436254,4124046.110381981,1.5573098560645886
302605.8290179285,4124046.160377434,1.5574545684948042
302605.8296849966,4124046.2103729835,1.5576186763067614
302605.8303438601,4124046.2603686424,1.5578046562348147
302605.83099342533,4124046.3103644224,1.5580152504865936
302605.83163246175,4124046.3603603384,1.5582534704820867
302605.8322595881,4124046.410356405,1.5585225979599073
302605.83287325915,4124046.4603526387,1.5588261754221462
302605.8334717524,4124046.5103490558,1.5591679504768619
302605.8340531581,4124046.560345675,1.5595518085051763
302605.8346153722,4124046.6103425133,1.5599816352658815
302605.8351560962,4124046.6603395883,1.5604611232086603
302605.83567284717,4124046.7103369166,1.5609934371984275
302605.8361629838,4124046.760334513,1.561580768536662
302605.83662375517,4124046.8103323886,1.5622236195354195
302605.83705238526,4124046.8603305495,1.5629198090149037
302605.83744620706,4124046.9103289964,1.563663027810412
302605.837802869,4124046.9603277226,1.5644407591944012
302605.8381206452,4124047.0103267105,1.5652313532900866
302605.83839889243,4124047.0603259346,1.566004013368452
302605.8386385072,4124047.110325359,1.566739623435882
302605.8388413418,4124047.160324946,1.5674271713050791
302605.83900979924,4124047.2103246613,1.5680611988788182
302605.83914655546,4124047.260324473,1.568639980400386
302605.8392543727,4124047.3103243564,1.5691642379523414
302605.8393359771,4124047.360324289,1.5696362443478193
302605.8393939812,4124047.410324255,1.5700591825804624
302605.8394308384,4124047.4603242413,1.5704367140357252
302605.83944881905,4124047.510324238,1.570772688663716
302605.83945000096,4124047.5603242377,1.571070943558517
302605.8394362701,4124047.6103242356,1.571335186574257
302605.83940932713,4124047.660324228,1.5715689136651518
302605.8393706978,4124047.710324213,1.571775378643159
302605.8393217452,4124047.760324189,1.5719575594137754
302605.8392636836,4124047.8103241553,1.5721181672748297
302605.8391975916,4124047.8603241118,1.572259656276945
302605.83912442514,4124047.910324058,1.5723842266316184
302605.8390450302,4124047.960323995,1.5724938446054983
302605.83896015433,4124048.010323923,1.5725902645938155
302605.8388704575,4124048.0603238423,1.572675047675316
302605.8387765215,4124048.110323754,1.5727495780591993
302605.838678859,4124048.160323659,1.5728150781242072
302605.8385779215,4124048.210323557,1.5728726328035068
302605.8384741063,4124048.260323449,1.5729231944096105
302605.838367763,4124048.310323336,1.5729676069724605
302605.83825919905,4124048.360323218,1.5730066178368947
302605.8381486846,4124048.410323096,1.5730408766187802
302605.8380364572,4124048.46032297,1.5730709595725423
302605.83792272565,4124048.510322841,1.5730973754532067
302605.8378076733,4124048.5603227085,1.5731205677808862
302605.8376914614,4124048.610322573,1.573140930016276
302605.8375742313,4124048.660322436,1.5731588056709516
302605.8374561075,4124048.7103222962,1.5731744984785134
302605.837337199,4124048.760322155,1.5731882727890647
302605.83721760183,4124048.810322012,1.5732003625524955
302605.83709740016,4124048.8603218673,1.5732109773155833
302605.83697666775,4124048.910321722,1.57322028941749
302605.83685546974,4124048.960321575,1.57322846295836
302605.83673386305,4124049.010321427,1.5732356341662734
302605.8366118978,4124049.0603212784,1.573241927605301
302605.8364896179,4124049.1103211287,1.5732474491902717
302605.8363670619,4124049.1603209786,1.573252293262943
302605.8362442637,4124049.2103208276,1.5732565447376523
302605.8361212529,4124049.2603206765,1.5732602758832663
302605.8359980556,4124049.3103205245,1.5732635471438674
302605.8358746947,4124049.3603203725,1.5732664109750416
302605.8357511906,4124049.41032022,1.5732689255613304
302605.8356275608,4124049.460320067,1.573271129319676
302605.8355038208,4124049.5103199137,1.5732730606208856
302605.83537998423,4124049.560319761,1.573274753340616
302605.83525606303,4124049.610319607,1.5732762376314136
302605.8351320676,4124049.660319453,1.5732775344941095
302605.83500800736,4124049.7103192993,1.573278675360747
302605.83488389006,4124049.7603191454,1.5732796742242525
302605.8347597228,4124049.810318991,1.573280546172325
302605.834635512,4124049.8603188368,1.573281312182778
302605.83451126283,4124049.9103186824,1.57328198040466
302605.8343869803,4124049.960318528,1.5732825683233715
302605.83426266833,4124050.0103183733,1.573283082854346
302605.83413833065,4124050.060318219,1.5732835287468108
302605.8340139707,4124050.110318064,1.5732839233935318
302605.833889591,4124050.1603179094,1.5732842644893696
302605.8337651942,4124050.2103177547,1.5732845636758208
302605.8336407825,4124050.2603176,1.5732848244453344
302605.83351635776,4124050.310317445,1.5732850526186584
302605.8333919216,4124050.3603172903,1.5732852528523913
302605.8332674754,4124050.4103171355,1.5732854251465336
302605.83314302063,4124050.4603169807,1.5732855776733154
302605.8330185582,4124050.5103168255,1.5732857103631879
302605.83289408917,4124050.5603166707,1.573285825613999
302605.83276961435,4124050.610316516,1.5732859280823506
302605.8326451344,4124050.6603163606,1.573286015370385
302605.8325206501,4124050.710316206,1.5732860933684085
302605.8323961619,4124050.760316051,1.5732861585839746
302605.83227167046,4124050.810315896,1.573286215604117
302605.83214717614,4124050.860315741,1.573286266849889
302605.8320226793,4124050.910315586,1.5732863110643847
302605.8318981802,4124050.960315431,1.5732863506686612
302605.8317736791,4124051.0103152758,1.5732863797492112
302605.8316491766,4124051.060315121,1.5732864100402917
302605.83152467257,4124051.1103149657,1.5732864344642425
302605.8314001673,4124051.160314811,1.5732864577704258
302605.8312756609,4124051.2103146557,1.5732864752094786
302605.8311511536,4124051.260314501,1.573286490366615
302605.83102664555,4124051.3103143456,1.5732865054773684
302605.83090213675,4124051.360314191,1.5732865159779066
302605.8307776274,4124051.4103140356,1.5732865252679116
302605.8306531176,4124051.460313881,1.5732865346043003
302605.83052860736,4124051.5103137256,1.5732865427301557
302605.8304040967,4124051.560313571,1.5732865497382453
302605.8302795857,4124051.6103134155,1.573286556699951
302605.8301550743,4124051.6603132607,1.573286562543891
302605.83003056265,4124051.7103131055,1.573286568341447
302605.8299060507,4124051.7603129507,1.5732865695287888
302605.8297815387,4124051.8103127955,1.5732865729980454
302605.8296570265,4124051.8603126407,1.5732865753495369
302605.8295325142,4124051.9103124854,1.5732865788187933
302605.82940800174,4124051.9603123306,1.573286581170285
302605.82928348915,4124052.0103121754,1.5732865823112423
302605.8291589765,4124052.0603120206,1.573286583498584
302605.8290344638,4124052.1103118653,1.5732865858268834
302605.828909951,4124052.16031171,1.5732865846395414
302605.8287854382,4124052.2103115553,1.5732865858268834
302605.8286609254,4124052.2603114,1.5732865881319902
302605.82853641245,4124052.3103112453,1.5732865869910329
302605.82841189957,4124052.36031109,1.5732865881319902
302605.8282873866,4124052.410310935,1.5732865881551825
302605.8281628737,4124052.46031078,1.5732865892961398
302605.8280383607,4124052.510310625,1.5732865904834819
302605.82791384764,4124052.56031047,1.5732865904602895
302605.8277893346,4124052.610310315,1.5732865904834819
302605.8276648215,4124052.66031016,1.573286591624439
302605.8275403084,4124052.710310005,1.5732865904834819
302605.82741579536,4124052.76030985,1.5732865916476313
302605.82729128224,4124052.8103096946,1.5732865904602895
302605.8271667692,4124052.86030954,1.5732865916476313
302605.8270422561,4124052.9103093846,1.5732865892961398
302605.8269177431,4124052.96030923,1.5732865904834819
302605.82679323,4124053.0103090745,1.5732865904602895
302605.82666871697,4124053.0603089198,1.5732865916476313
302605.82654420385,4124053.1103087645,1.5732865904602895
302605.8264196908,4124053.1603086097,1.5732865904834819
302605.82629517774,4124053.2103084545,1.573286591624439
302605.82617066463,4124053.2603082997,1.5732865904834819
302605.8260461516,4124053.3103081444,1.573286591624439
302605.82592163846,4124053.3603079896,1.5732865904834819
302605.8257971254,4124053.4103078344,1.573286591624439
302605.8256726123,4124053.4603076796,1.5732865904834819
302605.82554809924,4124053.5103075244,1.5732865916476313
302605.8254235861,4124053.560307369,1.5732865904602895
302605.82529907307,4124053.6103072143,1.5732865904834819
302605.82517456,4124053.660307059,1.573286591624439
302605.8250500469,4124053.7103069043,1.5732865904834819
302605.82492553385,4124053.760306749,1.573286591624439
302605.82480102073,4124053.8103065942,1.5732865904834819
302605.8246765077,4124053.860306439,1.573286591624439
302605.82455199456,4124053.910306284,1.5732865904834819
302605.8244274815,4124053.960306129,1.5732865904602895
302605.82430296845,4124054.010305974,1.5732865893193322
302605.82417845546,4124054.060305819,1.573286591624439
302605.82405394234,4124054.110305664,1.5732865904834819
302605.8239294293,4124054.160305509,1.5732865904834819
302605.82380491623,4124054.2103053536,1.573286591624439
302605.8236804031,4124054.260305199,1.5732865904834819
302605.82355589006,4124054.3103050436,1.573286591624439
302605.82343137695,4124054.360304889,1.5732865904834819
302605.8233068639,4124054.4103047336,1.573286591624439
302605.8231823508,4124054.4603045788,1.5732865904834819
302605.8230578377,4124054.5103044235,1.573286591624439
302605.8229333246,4124054.5603042687,1.5732865904834819
302605.82280881156,4124054.6103041135,1.573286591624439
302605.82268429844,4124054.6603039587,1.5732865904834819
302605.8225597854,4124054.7103038034,1.5732865904602895
302605.82243527233,4124054.7603036487,1.5732865916476313
302605.8223107592,4124054.8103034934,1.5732865904602895
302605.82218624617,4124054.8603033386,1.5732865916476313
302605.82206173305,4124054.9103031834,1.5732865904834819
302605.82193722,4124054.960303028,1.573286591624439
302605.8218127069,4124055.0103028733,1.5732865893193322
302605.8216881939,4124055.060302718,1.5732865904602895
302605.82156368083,4124055.1103025633,1.5732865904834819
302605.8214391678,4124055.160302408,1.573286591624439
302605.82131465466,4124055.2103022533,1.5732865904834819
302605.8211901416,4124055.260302098,1.5732865904602895
302605.82106562855,4124055.310301943,1.5732865916476313
302605.82094111544,4124055.360301788,1.5732865904602895
302605.8208166024,4124055.410301633,1.5732865916476313
302605.82069208927,4124055.460301478,1.5732865904602895
302605.8205675762,4124055.510301323,1.5732865916476313
302605.8204430631,4124055.560301168,1.5732865904834819
302605.82031855005,4124055.6103010126,1.573286591624439
302605.82019403693,4124055.660300858,1.5732865904834819
302605.8200695239,4124055.7103007026,1.5732865904602895
302605.8199450108,4124055.760300548,1.5732865916476313
302605.8198204977,4124055.8103003926,1.5732865904602895
302605.81969598465,4124055.860300238,1.5732865916476313
302605.81957147154,4124055.9103000825,1.5732865904602895
302605.8194469585,4124055.9602999277,1.5732865916476313
302605.8193224454,4124056.0102997725,1.5732865904602895
302605.8191979323,4124056.0602996177,1.5732865904834819
302605.81907341926,4124056.1102994625,1.5732865892961398
302605.81894890626,4124056.1602993077,1.5732865904834819
302605.8188243932,4124056.2102991524,1.573286591624439
302605.8186998801,4124056.2602989976,1.5732865904834819
302605.81857536704,4124056.3102988424,1.5732865916476313
302605.8184508539,4124056.360298687,1.5732865904602895
302605.8183263409,4124056.4102985323,1.5732865916476313
302605.81820182776,4124056.460298377,1.5732865904602895
302605.8180773147,4124056.5102982223,1.5732865916476313
302605.8179528016,4124056.560298067,1.5732865904602895
302605.81782828853,4124056.6102979123,1.5732865916476313
302605.8177037754,4124056.660297757,1.5732865904602895
302605.81757926237,4124056.710297602,1.5732865916476313
302605.81745474925,4124056.760297447,1.5732865904602895
302605.8173302362,4124056.810297292,1.5732865904834819
302605.81720572314,4124056.860297137,1.573286591624439
302605.81708121,4124056.910296982,1.5732865904834819
302605.816956697,4124056.960296827,1.5732865916476313
302605.81683218386,4124057.0102966717,1.5732865904602895
302605.8167076708,4124057.060296517,1.5732865904834819
302605.81658315775,4124057.1102963616,1.5732865892961398
302605.81645864475,4124057.160296207,1.5732865916476313
302605.81633413164,4124057.2102960516,1.5732865904602895
302605.8162096186,4124057.260295897,1.5732865916476313
302605.81608510547,4124057.3102957415,1.5732865904602895
302605.8159605924,4124057.3602955868,1.5732865904834819
302605.81583607936,4124057.4102954315,1.573286591624439
302605.81571156625,4124057.4602952767,1.5732865904834819
302605.8155870532,4124057.5102951215,1.573286591624439
302605.8154625401,4124057.5602949667,1.5732865904834819
302605.815338027,4124057.6102948114,1.573286591624439
302605.8152135139,4124057.6602946566,1.5732865904834819
302605.81508900085,4124057.7102945014,1.5732865916476313
302605.81496448774,4124057.760294346,1.5732865904602895
302605.8148399747,4124057.8102941914,1.5732865904834819
302605.81471546163,4124057.860294036,1.573286591624439
302605.8145909485,4124057.9102938813,1.5732865904834819
302605.81446643546,4124057.960293726,1.573286591624439
302605.81434192235,4124058.0102935713,1.5732865904834819
302605.8142174093,4124058.060293416,1.573286591624439
302605.8140928962,4124058.1102932612,1.5732865904834819
302605.8139683831,4124058.160293106,1.5732865892961398
302605.8138438701,4124058.210292951,1.5732865904834819
302605.8137193571,4124058.260292796,1.573286591624439
302605.81359484396,4124058.310292641,1.5732865904834819
302605.8134703309,4124058.360292486,1.5732865904834819
302605.81334581785,4124058.4102923307,1.573286591624439
302605.81322130474,4124058.460292176,1.5732865904834819
302605.8130967917,4124058.5102920206,1.573286591624439
302605.81297227857,4124058.560291866,1.5732865904834819
302605.8128477655,4124058.6102917106,1.573286591624439
302605.8127232524,4124058.660291556,1.5732865904834819
302605.81259873934,4124058.7102914006,1.573286591624439
302605.81247422623,4124058.7602912458,1.5732865904834819
302605.8123497132,4124058.8102910905,1.5732865904602895
302605.8122252001,4124058.8602909357,1.5732865916476313
302605.812100687,4124058.9102907805,1.5732865904602895
302605.81197617395,4124058.9602906257,1.5732865916476313
302605.81185166084,4124059.0102904704,1.5732865904602895
302605.8117271478,4124059.0602903157,1.5732865916476313
302605.81160263467,4124059.1102901604,1.5732865904834819
302605.8114781216,4124059.160290005,1.5732865904602895
302605.81135360856,4124059.2102898504,1.5732865904834819
302605.8112290955,4124059.260289695,1.5732865904602895
302605.81110458245,4124059.3102895403,1.5732865904834819
302605.8109800694,4124059.360289385,1.5732865904602895
302605.81085555634,4124059.4102892303,1.5732865916476313
302605.8107310432,4124059.460289075,1.5732865904602895
302605.81060653017,4124059.5102889203,1.5732865916476313
302605.81048201706,4124059.560288765,1.5732865904602895
302605.810357504,4124059.61028861,1.5732865916476313
302605.8102329909,4124059.660288455,1.5732865904602895
302605.81010847783,4124059.7102883,1.5732865916476313
302605.8099839647,4124059.760288145,1.5732865904834819
302605.80985945166,4124059.8102879897,1.573286591624439
302605.80973493855,4124059.860287835,1.5732865904834819
302605.8096104255,4124059.9102876796,1.5732865904602895
302605.80948591244,4124059.960287525,1.5732865916476313
302605.8093613993,4124060.0102873696,1.5732865904602895
302605.80923688627,4124060.060287215,1.5732865916476313
302605.80911237316,4124060.1102870596,1.5732865904602895
302605.8089878601,4124060.160286905,1.5732865916476313
302605.808863347,4124060.2102867495,1.5732865904602895
302605.80873883393,4124060.2602865947,1.5732865893193322
302605.80861432094,4124060.3102864395,1.5732865904602895
302605.8084898079,4124060.3602862847,1.5732865904834819
302605.8083652948,4124060.4102861295,1.573286591624439
302605.8082407817,4124060.4602859747,1.5732865904834819
302605.80811626866,4124060.5102858194,1.5732865916476313
302605.80799175554,4124060.560285664,1.5732865904602895
302605.8078672425,4124060.6102855094,1.5732865916476313
302605.8077427294,4124060.660285354,1.5732865904602895
302605.8076182163,4124060.7102851993,1.5732865916476313
302605.8074937032,4124060.760285044,1.5732865904602895
302605.80736919015,4124060.8102848893,1.5732865916476313
302605.80724467704,4124060.860284734,1.5732865904602895
302605.807120164,4124060.9102845793,1.5732865904834819
302605.8069956509,4124060.960284424,1.573286591624439
302605.8068711378,4124061.010284269,1.5732865904834819
302605.80674662476,4124061.060284114,1.573286591624439
302605.80662211165,4124061.110283959,1.5732865904834819
302605.8064975986,4124061.160283804,1.5732865916476313
302605.8063730855,4124061.2102836487,1.5732865904602895
302605.8062485724,4124061.260283494,1.5732865904834819
302605.80612405937,4124061.3102833387,1.5732865904602895
302605.8059995463,4124061.360283184,1.5732865893193322
302605.8058750333,4124061.4102830286,1.573286591624439
302605.8057505202,4124061.460282874,1.5732865904834819
302605.80562600715,4124061.5102827186,1.573286591624439
302605.80550149403,4124061.560282564,1.5732865904834819
302605.805376981,4124061.6102824085,1.573286591624439
302605.80525246786,4124061.6602822538,1.5732865904834819
302605.8051279548,4124061.7102820985,1.573286591624439
302605.8050034417,4124061.7602819437,1.5732865904834819
302605.80487892864,4124061.8102817885,1.573286591624439
302605.8047544155,4124061.8602816337,1.5732865904834819
302605.8046299025,4124061.9102814784,1.5732865904834819
302605.8045053894,4124061.960281323,1.573286591624439
302605.8043808763,4124062.0102811684,1.5732865904834819
302605.80425636325,4124062.060281013,1.573286591624439
302605.80413185013,4124062.1102808584,1.5732865904834819
302605.8040073371,4124062.160280703,1.573286591624439
302605.80388282397,4124062.2102805483,1.5732865904834819
302605.8037583109,4124062.260280393,1.5732865904602895
302605.80363379786,4124062.3102802383,1.5732865904834819
302605.8035092848,4124062.360280083,1.5732865904602895
302605.80338477175,4124062.4102799282,1.5732865904834819
302605.8032602587,4124062.460279773,1.5732865904602895
302605.80313574563,4124062.510279618,1.5732865916476313
302605.8030112325,4124062.560279463,1.5732865904834819
302605.80288671947,4124062.6102793077,1.573286591624439
302605.80276220635,4124062.660279153,1.5732865904834819
302605.8026376933,4124062.7102789977,1.573286591624439
302605.8025131802,4124062.760278843,1.5732865904834819
302605.8023886671,4124062.8102786876,1.573286591624439
302605.802264154,4124062.860278533,1.5732865904834819
302605.80213964096,4124062.9102783776,1.5732865904602895
302605.8020151279,4124062.960278223,1.5732865916476313
302605.8018906148,4124063.0102780676,1.5732865904602895
302605.80176610174,4124063.0602779128,1.5732865916476313
302605.8016415886,4124063.1102777575,1.5732865904602895
302605.80151707557,4124063.1602776027,1.5732865916476313
302605.80139256245,4124063.2102774475,1.5732865904602895
302605.8012680494,4124063.2602772927,1.5732865916476313
302605.8011435363,4124063.3102771374,1.5732865904834819
302605.80101902323,4124063.360276982,1.5732865892961398
302605.80089451023,4124063.4102768274,1.5732865904834819
302605.8007699972,4124063.460276672,1.5732865904602895
302605.8006454841,4124063.5102765174,1.5732865916476313
302605.800520971,4124063.560276362,1.5732865904602895
302605.80039645795,4124063.6102762073,1.5732865916476313
302605.80027194484,4124063.660276052,1.5732865904602895
302605.8001474318,4124063.7102758973,1.5732865916476313
302605.8000229187,4124063.760275742,1.5732865904602895
302605.7998984056,4124063.8102755873,1.5732865916476313
302605.7997738925,4124063.860275432,1.5732865904602895
302605.79964937945,4124063.910275277,1.5732865904834819
302605.7995248664,4124063.960275122,1.5732865916476313
302605.7994003533,4124064.0102749667,1.5732865904602895
302605.7992758402,4124064.060274812,1.5732865916476313
302605.7991513271,4124064.1102746567,1.5732865904602895
302605.79902681406,4124064.160274502,1.5732865916476313
302605.79890230094,4124064.2102743466,1.5732865904602895
302605.7987777879,4124064.260274192,1.5732865916476313
302605.7986532748,4124064.3102740366,1.5732865904602895
302605.7985287617,4124064.360273882,1.5732865904834819
302605.79840424866,4124064.4102737266,1.5732865904602895
302605.7982797356,4124064.460273572,1.5732865893193322
302605.7981552226,4124064.5102734165,1.573286591624439
302605.7980307095,4124064.5602732617,1.5732865904834819
302605.79790619644,4124064.6102731065,1.573286591624439
302605.79778168333,4124064.6602729517,1.5732865904834819
302605.7976571703,4124064.7102727965,1.5732865916476313
302605.79753265716,4124064.760272641,1.5732865904602895
302605.7974081441,4124064.8102724864,1.5732865916476313
302605.797283631,4124064.860272331,1.5732865904602895
302605.79715911794,4124064.9102721764,1.5732865916476313
302605.7970346048,4124064.960272021,1.5732865904602895
302605.79691009177,4124065.0102718663,1.5732865904834819
302605.7967855787,4124065.060271711,1.573286591624439
302605.7966610656,4124065.1102715563,1.5732865904834819
302605.79653655255,4124065.160271401,1.573286591624439
302605.79641203943,4124065.2102712463,1.5732865904834819
302605.7962875264,4124065.260271091,1.573286591624439
302605.79616301326,4124065.310270936,1.5732865904834819
302605.7960385002,4124065.360270781,1.5732865916476313
302605.7959139871,4124065.4102706257,1.5732865904602895
302605.79578947404,4124065.460270471,1.5732865893193322
302605.79566496104,4124065.5102703157,1.5732865904602895
302605.795540448,4124065.560270161,1.5732865904834819
302605.79541593493,4124065.6102700057,1.573286591624439
302605.7952914218,4124065.660269851,1.5732865904834819
302605.79516690876,4124065.7102696956,1.573286591624439
302605.79504239565,4124065.760269541,1.5732865904834819
302605.7949178826,4124065.8102693856,1.573286591624439
302605.7947933695,4124065.860269231,1.5732865904834819
302605.7946688564,4124065.9102690755,1.573286591624439
302605.7945443433,4124065.9602689208,1.5732865904834819
302605.79441983026,4124066.0102687655,1.5732865904602895
302605.7942953172,4124066.0602686107,1.5732865916476313
302605.7941708041,4124066.1102684555,1.5732865904834819
302605.79404629103,4124066.1602683,1.573286591624439
302605.7939217779,4124066.2102681454,1.5732865904834819
302605.79379726487,4124066.26026799,1.573286591624439
302605.79367275175,4124066.3102678354,1.5732865904834819
302605.7935482387,4124066.36026768,1.573286591624439
302605.7934237256,4124066.4102675254,1.5732865904834819
302605.7932992125,4124066.46026737,1.5732865904602895
302605.7931746995,4124066.5102672153,1.5732865904834819
302605.7930501864,4124066.56026706,1.5732865892961398
302605.7929256734,4124066.6102669053,1.5732865916476313
302605.7928011603,4124066.66026675,1.5732865904602895
302605.79267664725,4124066.7102665952,1.5732865916476313
302605.79255213414,4124066.76026644,1.5732865904834819
302605.7924276211,4124066.8102662847,1.573286591624439
302605.79230310797,4124066.86026613,1.5732865904834819
302605.7921785949,4124066.9102659747,1.573286591624439
302605.7920540818,4124066.96026582,1.5732865904834819
302605.79192956875,4124067.0102656647,1.5732865904602895
302605.7918050557,4124067.06026551,1.5732865916476313
302605.7916805426,4124067.1102653546,1.5732865904602895
302605.7915560295,4124067.1602652,1.5732865916476313
302605.7914315164,4124067.2102650446,1.5732865904602895
302605.79130700335,4124067.26026489,1.5732865916476313
302605.79118249024,4124067.3102647346,1.5732865904602895
302605.7910579772,4124067.3602645798,1.5732865916476313
302605.7909334641,4124067.4102644245,1.5732865904602895
302605.790808951,4124067.4602642697,1.5732865904834819
302605.79068443796,4124067.5102641145,1.5732865904834819
302605.7905599249,4124067.560263959,1.5732865892961398
302605.7904354119,4124067.6102638044,1.5732865916476313
302605.7903108988,4124067.660263649,1.5732865904602895
302605.79018638574,4124067.7102634944,1.5732865916476313
302605.7900618726,4124067.760263339,1.5732865904602895
302605.7899373596,4124067.8102631844,1.5732865916476313
302605.78981284646,4124067.860263029,1.5732865904602895
302605.7896883334,4124067.9102628743,1.5732865916476313
302605.7895638203,4124067.960262719,1.5732865904602895
302605.78943930723,4124068.0102625643,1.5732865904834819
302605.7893147942,4124068.060262409,1.573286591624439
302605.78919028107,4124068.1102622543,1.5732865904834819
302605.789065768,4124068.160262099,1.5732865916476313
302605.7889412549,4124068.2102619438,1.5732865904602895
302605.78881674184,4124068.260261789,1.5732865916476313
302605.7886922287,4124068.3102616337,1.5732865904602895
302605.7885677157,4124068.360261479,1.5732865916476313
302605.78844320256,4124068.4102613237,1.5732865904602895
302605.7883186895,4124068.460261169,1.5732865916476313
302605.7881941764,4124068.5102610136,1.5732865904602895
302605.78806966334,4124068.560260859,1.5732865893193322
302605.78794515034,4124068.6102607036,1.5732865904602895
302605.7878206373,4124068.660260549,1.5732865904834819
302605.78769612423,4124068.7102603936,1.573286591624439
302605.7875716111,4124068.760260239,1.5732865904834819
302605.78744709806,4124068.8102600835,1.573286591624439
302605.78732258495,4124068.8602599287,1.5732865904834819
302605.7871980719,4124068.9102597735,1.5732865916476313
302605.7870735588,4124068.9602596182,1.5732865904602895
302605.7869490457,4124069.0102594635,1.5732865904834819
302605.78682453267,4124069.060259308,1.573286591624439
302605.78670001955,4124069.1102591534,1.5732865904834819
302605.7865755065,4124069.160258998,1.573286591624439
302605.7864509934,4124069.2102588434,1.5732865904834819
302605.78632648033,4124069.260258688,1.573286591624439
302605.7862019672,4124069.3102585333,1.5732865904834819
302605.78607745416,4124069.360258378,1.573286591624439
302605.78595294105,4124069.4102582233,1.5732865904834819
302605.785828428,4124069.460258068,1.573286591624439
302605.7857039149,4124069.5102579133,1.5732865904834819
302605.7855794018,4124069.560257758,1.5732865904834819
302605.78545488877,4124069.6102576028,1.5732865904602895
302605.7853303757,4124069.660257448,1.5732865893193322
302605.7852058627,4124069.7102572927,1.573286591624439
302605.7850813496,4124069.760257138,1.5732865904834819
302605.78495683655,4124069.8102569827,1.573286591624439
302605.78483232344,4124069.860256828,1.5732865904834819
302605.7847078104,4124069.9102566727,1.573286591624439
302605.78458329727,4124069.960256518,1.5732865904834819
302605.7844587842,4124070.0102563626,1.5732865904602895
302605.78433427116,4124070.060256208,1.5732865916476313
302605.78420975804,4124070.1102560526,1.5732865904602895
302605.784085245,4124070.160255898,1.5732865916476313
302605.7839607319,4124070.2102557425,1.5732865904602895
302605.7838362188,4124070.2602555878,1.5732865916476313
302605.7837117057,4124070.3102554325,1.5732865904834819
302605.78358719265,4124070.3602552772,1.573286591624439
302605.78346267954,4124070.4102551225,1.5732865904834819
302605.7833381665,4124070.460254967,1.573286591624439
302605.78321365337,4124070.5102548124,1.5732865904834819
302605.7830891403,4124070.560254657,1.5732865904602895
302605.78296462726,4124070.6102545024,1.5732865916476313
302605.78284011415,4124070.660254347,1.5732865892961398
302605.78271560115,4124070.7102541924,1.5732865904834819
302605.7825910881,4124070.760254037,1.5732865904602895
302605.78246657504,4124070.8102538823,1.5732865916476313
302605.7823420619,4124070.860253727,1.5732865904602895
302605.78221754887,4124070.9102535723,1.5732865916476313
302605.78209303576,4124070.960253417,1.5732865904834819
302605.7819685227,4124071.010253262,1.573286591624439
302605.7818440096,4124071.060253107,1.5732865904834819
302605.78171949653,4124071.1102529517,1.5732865904602895
302605.7815949835,4124071.160252797,1.5732865916476313
302605.78147047036,4124071.2102526417,1.5732865904602895
302605.7813459573,4124071.260252487,1.5732865916476313
302605.7812214442,4124071.3102523317,1.5732865904602895
302605.78109693114,4124071.360252177,1.5732865916476313
302605.780972418,4124071.4102520216,1.5732865904602895
302605.78084790497,4124071.460251867,1.5732865916476313
302605.78072339186,4124071.5102517116,1.5732865904602895
302605.7805988788,4124071.560251557,1.5732865904834819
302605.78047436575,4124071.6102514016,1.573286591624439
302605.78034985263,4124071.6602512468,1.5732865904834819
302605.7802253396,4124071.7102510915,1.5732865904834819
302605.7801008265,4124071.7602509363,1.5732865892961398
302605.7799763135,4124071.8102507815,1.5732865916476313
302605.7798518004,4124071.860250626,1.5732865904602895
302605.77972728736,4124071.9102504714,1.5732865916476313
302605.77960277424,4124071.960250316,1.5732865904602895
302605.7794782612,4124072.0102501614,1.5732865916476313
302605.7793537481,4124072.060250006,1.5732865904602895
302605.779229235,4124072.1102498514,1.5732865904834819
302605.77910472197,4124072.160249696,1.573286591624439
302605.77898020885,4124072.2102495413,1.5732865904834819
302605.7788556958,4124072.260249386,1.573286591624439
302605.7787311827,4124072.3102492313,1.5732865904834819
302605.7786066696,4124072.360249076,1.5732865916476313
302605.7784821565,4124072.410248921,1.5732865904602895
302605.77835764346,4124072.460248766,1.5732865916476313
302605.77823313035,4124072.5102486107,1.5732865904602895
302605.7781086173,4124072.560248456,1.5732865904834819
302605.77798410424,4124072.6102483007,1.573286591624439
302605.7778595911,4124072.660248146,1.5732865904834819
302605.77773507807,4124072.7102479907,1.573286591624439
302605.77761056495,4124072.760247836,1.5732865893193322
302605.77748605196,4124072.8102476806,1.5732865904602895
302605.7773615389,4124072.860247526,1.5732865904834819
302605.77723702585,4124072.9102473706,1.573286591624439
302605.77711251273,4124072.960247216,1.5732865904834819
302605.7769879997,4124073.0102470606,1.573286591624439
302605.77686348656,4124073.060246906,1.5732865904834819
302605.7767389735,4124073.1102467505,1.5732865904834819
302605.77661446045,4124073.1602465953,1.573286591624439
302605.77648994734,4124073.2102464405,1.5732865904834819
302605.7763654343,4124073.2602462852,1.573286591624439
302605.7762409212,4124073.3102461305,1.5732865904834819
302605.7761164081,4124073.360245975,1.573286591624439
302605.775991895,4124073.4102458204,1.5732865904834819
302605.77586738195,4124073.460245665,1.573286591624439
302605.77574286883,4124073.5102455104,1.5732865904834819
302605.7756183558,4124073.560245355,1.573286591624439
302605.77549384267,4124073.6102452003,1.5732865904834819
302605.7753693296,4124073.660245045,1.5732865904602895
302605.77524481656,4124073.7102448903,1.5732865916476313
302605.77512030344,4124073.760244735,1.5732865893193322
302605.77499579045,4124073.81024458,1.5732865904602895
302605.7748712774,4124073.860244425,1.5732865904834819
302605.77474676433,4124073.9102442698,1.573286591624439
302605.7746222512,4124073.960244115,1.5732865904834819
302605.77449773817,4124074.0102439597,1.573286591624439
302605.77437322505,4124074.060243805,1.5732865904834819
302605.774248712,4124074.1102436497,1.573286591624439
302605.7741241989,4124074.160243495,1.5732865904834819
302605.7739996858,4124074.2102433397,1.5732865904602895
302605.7738751728,4124074.260243185,1.5732865916476313
302605.77375065966,4124074.3102430296,1.5732865904602895
302605.7736261466,4124074.360242875,1.5732865916476313
302605.7735016335,4124074.4102427196,1.5732865904602895
302605.77337712044,4124074.460242565,1.5732865916476313
302605.7732526073,4124074.5102424095,1.5732865904834819
302605.77312809427,4124074.5602422543,1.573286591624439
302605.77300358115,4124074.6102420995,1.5732865904834819
302605.7728790681,4124074.6602419442,1.5732865904602895
302605.77275455504,4124074.7102417895,1.5732865916476313
302605.77263004193,4124074.760241634,1.5732865904602895
302605.7725055289,4124074.8102414794,1.5732865904834819
302605.7723810158,4124074.860241324,1.5732865892961398
302605.7722565028,4124074.9102411694,1.5732865916476313
302605.7721319897,4124074.960241014,1.5732865904602895
302605.77200747665,4124075.0102408594,1.5732865916476313
302605.77188296354,4124075.060240704,1.5732865904602895
302605.7717584505,4124075.1102405493,1.5732865916476313
302605.7716339374,4124075.160240394,1.5732865904834819
302605.7715094243,4124075.210240239,1.5732865904602895
302605.77138491126,4124075.260240084,1.5732865916476313
302605.77126039815,4124075.310239929,1.5732865904602895
302605.7711358851,4124075.360239774,1.5732865916476313
302605.771011372,4124075.4102396187,1.5732865904602895
302605.7708868589,4124075.460239464,1.5732865916476313
302605.7707623458,4124075.5102393087,1.5732865904602895
302605.77063783276,4124075.560239154,1.5732865916476313
302605.77051331964,4124075.6102389987,1.5732865904602895
302605.7703888066,4124075.660238844,1.5732865904834819
302605.77026429353,4124075.7102386886,1.573286591624439
302605.7701397804,4124075.760238534,1.5732865904834819
302605.77001526736,4124075.8102383786,1.573286591624439
302605.76989075425,4124075.860238224,1.5732865904834819
302605.7697662412,4124075.9102380686,1.5732865893193322
302605.7696417282,4124075.9602379133,1.5732865904602895
302605.76951721514,4124076.0102377585,1.5732865916476313
302605.76939270203,4124076.0602376033,1.5732865904602895
302605.769268189,4124076.1102374485,1.5732865916476313
302605.76914367586,4124076.160237293,1.5732865904602895
302605.7690191628,4124076.2102371384,1.5732865904834819
302605.76889464975,4124076.260236983,1.573286591624439
302605.76877013664,4124076.3102368284,1.5732865904834819
302605.7686456236,4124076.360236673,1.573286591624439
302605.76852111047,4124076.4102365184,1.5732865904834819
302605.7683965974,4124076.460236363,1.573286591624439
302605.7682720843,4124076.5102362083,1.5732865904834819
302605.76814757125,4124076.560236053,1.5732865916476313
302605.76802305813,4124076.610235898,1.5732865904602895
302605.7678985451,4124076.660235743,1.5732865916476313
302605.76777403196,4124076.710235588,1.5732865904602895
302605.7676495189,4124076.760235433,1.5732865904834819
302605.76752500585,4124076.8102352777,1.573286591624439
302605.76740049274,4124076.860235123,1.5732865904834819
302605.7672759797,4124076.9102349677,1.5732865904602895
302605.7671514666,4124076.960234813,1.5732865893193322
302605.76702695363,4124077.0102346577,1.573286591624439
302605.7669024405,4124077.060234503,1.5732865904834819
302605.76677792746,4124077.1102343476,1.573286591624439
302605.76665341435,4124077.160234193,1.5732865904834819
302605.7665289013,4124077.2102340376,1.5732865904602895
302605.76640438824,4124077.260233883,1.5732865916476313
302605.7662798751,4124077.3102337276,1.5732865904834819
302605.7661553621,4124077.3602335723,1.573286591624439
302605.76603084896,4124077.4102334175,1.5732865904834819
302605.7659063359,4124077.4602332623,1.573286591624439
302605.7657818228,4124077.5102331075,1.5732865904834819
302605.76565730973,4124077.5602329522,1.573286591624439
302605.7655327966,4124077.6102327975,1.5732865904834819
302605.76540828357,4124077.660232642,1.573286591624439
302605.76528377045,4124077.7102324874,1.5732865904834819
302605.7651592574,4124077.760232332,1.5732865904602895
302605.76503474434,4124077.8102321774,1.5732865916476313
302605.7649102312,4124077.860232022,1.5732865904602895
302605.7647857182,4124077.9102318673,1.5732865916476313
302605.76466120506,4124077.960231712,1.5732865904834819
302605.764536692,4124078.010231557,1.5732865892961398
302605.764412179,4124078.060231402,1.5732865904834819
302605.76428766595,4124078.110231247,1.573286591624439
302605.76416315284,4124078.160231092,1.5732865904834819
302605.7640386398,4124078.2102309368,1.573286591624439
302605.76391412667,4124078.260230782,1.5732865904834819
302605.7637896136,4124078.3102306267,1.5732865904602895
302605.76366510056,4124078.360230472,1.5732865916476313
302605.76354058745,4124078.4102303167,1.5732865904602895
302605.7634160744,4124078.460230162,1.5732865916476313
302605.7632915613,4124078.5102300067,1.5732865904602895
302605.7631670482,4124078.560229852,1.5732865916476313
302605.7630425351,4124078.6102296966,1.5732865904602895
302605.76291802205,4124078.660229542,1.5732865916476313
302605.76279350894,4124078.7102293866,1.5732865904834819
302605.7626689959,4124078.7602292313,1.5732865904602895
302605.76254448283,4124078.8102290765,1.5732865916476313
302605.7624199697,4124078.8602289213,1.5732865904602895
302605.76229545666,4124078.9102287665,1.5732865916476313
302605.76217094355,4124078.9602286112,1.5732865904602895
302605.7620464305,4124079.0102284565,1.5732865893193322
302605.7619219175,4124079.060228301,1.5732865904602895
302605.76179740444,4124079.1102281464,1.5732865916476313
302605.7616728913,4124079.160227991,1.5732865904602895
302605.7615483783,4124079.2102278364,1.5732865916476313
302605.76142386516,4124079.260227681,1.5732865904602895
302605.7612993521,4124079.3102275264,1.5732865904834819
302605.76117483905,4124079.360227371,1.5732865916476313
302605.76105032593,4124079.410227216,1.5732865904602895
302605.7609258129,4124079.460227061,1.5732865916476313
302605.76080129977,4124079.510226906,1.5732865904602895
302605.7606767867,4124079.560226751,1.5732865916476313
302605.7605522736,4124079.610226596,1.5732865904602895
302605.76042776054,4124079.660226441,1.5732865916476313
302605.7603032474,4124079.7102262857,1.5732865904602895
302605.7601787344,4124079.760226131,1.5732865916476313
302605.76005422126,4124079.8102259757,1.5732865904602895
302605.7599297082,4124079.860225821,1.5732865904834819
302605.75980519515,4124079.9102256657,1.573286591624439
302605.75968068204,4124079.960225511,1.5732865904834819
302605.759556169,4124080.0102253556,1.5732865904602895
302605.7594316559,4124080.060225201,1.5732865904834819
302605.7593071429,4124080.1102250456,1.5732865904834819
302605.7591826298,4124080.1602248903,1.5732865904602895
302605.75905811676,4124080.2102247356,1.5732865916476313
302605.75893360365,4124080.2602245803,1.5732865904602895
302605.7588090906,4124080.3102244255,1.5732865904834819
302605.75868457754,4124080.3602242703,1.573286591624439
302605.7585600644,4124080.4102241155,1.5732865904834819
302605.75843555137,4124080.46022396,1.573286591624439
302605.75831103825,4124080.5102238054,1.5732865904834819
302605.7581865252,4124080.56022365,1.573286591624439
302605.7580620121,4124080.6102234954,1.5732865904834819
302605.75793749903,4124080.66022334,1.573286591624439
302605.7578129859,4124080.7102231854,1.5732865904834819
302605.75768847286,4124080.76022303,1.5732865916476313
302605.75756395975,4124080.810222875,1.5732865904602895
302605.7574394467,4124080.86022272,1.5732865904834819
302605.75731493364,4124080.910222565,1.573286591624439
302605.7571904205,4124080.96022241,1.5732865904834819
302605.75706590747,4124081.010222255,1.573286591624439
302605.75694139436,4124081.0602221,1.5732865904834819
302605.7568168813,4124081.1102219447,1.5732865892961398
302605.7566923683,4124081.16022179,1.5732865904834819
302605.75656785525,4124081.2102216347,1.573286591624439
302605.75644334214,4124081.26022148,1.5732865904834819
302605.7563188291,4124081.3102213247,1.573286591624439
302605.75619431597,4124081.36022117,1.5732865904834819
302605.7560698029,4124081.4102210146,1.5732865904602895
302605.75594528986,4124081.46022086,1.5732865916476313
302605.75582077674,4124081.5102207046,1.5732865904834819
302605.7556962637,4124081.5602205493,1.573286591624439
302605.7555717506,4124081.6102203946,1.5732865904834819
302605.7554472375,4124081.6602202393,1.573286591624439
302605.7553227244,4124081.7102200845,1.5732865904834819
302605.75519821135,4124081.7602199293,1.573286591624439
302605.75507369824,4124081.8102197745,1.5732865904834819
302605.7549491852,4124081.8602196192,1.573286591624439
302605.75482467207,4124081.9102194645,1.5732865904834819
302605.754700159,4124081.960219309,1.5732865904602895
302605.75457564596,4124082.0102191544,1.5732865916476313
302605.75445113285,4124082.060218999,1.5732865904602895
302605.7543266198,4124082.1102188444,1.5732865904834819
302605.75420210673,4124082.160218689,1.5732865904834819
302605.7540775937,4124082.210218534,1.5732865904602895
302605.7539530806,4124082.260218379,1.5732865904834819
302605.75382856757,4124082.310218224,1.573286591624439
302605.75370405446,4124082.360218069,1.5732865904834819
302605.7535795414,4124082.410217914,1.5732865904602895
302605.75345502835,4124082.460217759,1.5732865916476313
302605.75333051523,4124082.5102176038,1.5732865904602895
302605.7532060022,4124082.560217449,1.5732865916476313
302605.75308148906,4124082.6102172937,1.5732865904602895
302605.752956976,4124082.660217139,1.5732865916476313
302605.7528324629,4124082.7102169837,1.5732865904602895
302605.75270794984,4124082.760216829,1.5732865916476313
302605.7525834367,4124082.8102166736,1.5732865904834819
302605.7524589237,4124082.8602165184,1.573286591624439
302605.75233441056,4124082.9102163636,1.5732865904834819
302605.7522098975,4124082.9602162084,1.5732865904602895
302605.75208538445,4124083.0102160536,1.5732865916476313
302605.75196087133,4124083.0602158983,1.5732865904602895
302605.7518363583,4124083.1102157435,1.5732865916476313
302605.75171184517,4124083.1602155883,1.5732865904602895
302605.7515873321,4124083.2102154335,1.5732865893193322
302605.7514628191,4124083.2602152782,1.5732865904602895
302605.75133830606,4124083.3102151235,1.5732865916476313
302605.75121379294,4124083.360214968,1.5732865904602895
302605.7510892799,4124083.4102148134,1.5732865904834819
302605.75096476683,4124083.460214658,1.573286591624439
302605.7508402537,4124083.5102145034,1.5732865904834819
302605.75071574067,4124083.560214348,1.5732865916476313
302605.75059122755,4124083.610214193,1.5732865904602895
302605.7504667145,4124083.660214038,1.5732865916476313
302605.7503422014,4124083.710213883,1.5732865904602895
302605.7502176883,4124083.760213728,1.5732865916476313
302605.7500931752,4124083.810213573,1.5732865904602895
302605.74996866216,4124083.860213418,1.5732865916476313
302605.74984414905,4124083.910213263,1.5732865904602895
302605.749719636,4124083.960213108,1.5732865904834819
302605.74959512294,4124084.0102129527,1.573286591624439
302605.7494706098,4124084.060212798,1.5732865904834819
302605.74934609677,4124084.1102126427,1.573286591624439
302605.74922158365,4124084.160212488,1.5732865904834819
302605.7490970706,4124084.2102123327,1.5732865893193322
302605.7489725576,4124084.2602121774,1.5732865904602895
302605.74884804455,4124084.3102120226,1.5732865916476313
302605.74872353143,4124084.3602118674,1.5732865904602895
302605.7485990184,4124084.4102117126,1.5732865916476313
302605.74847450526,4124084.4602115573,1.5732865904602895
302605.7483499922,4124084.5102114026,1.5732865904834819
302605.74822547915,4124084.5602112473,1.573286591624439
302605.74810096604,4124084.6102110925,1.5732865904834819
302605.747976453,4124084.6602109373,1.573286591624439
302605.7478519399,4124084.7102107825,1.5732865904834819
302605.7477274268,4124084.760210627,1.573286591624439
302605.7476029137,4124084.8102104724,1.5732865904834819
302605.74747840065,4124084.860210317,1.573286591624439
302605.74735388753,4124084.9102101624,1.5732865904834819
302605.7472293745,4124084.960210007,1.5732865904834819
302605.7471048614,4124085.010209852,1.573286591624439
302605.7469803483,4124085.060209697,1.5732865904834819
302605.74685583526,4124085.110209542,1.573286591624439
302605.74673132214,4124085.160209387,1.5732865904834819
302605.7466068091,4124085.210209232,1.5732865904602895
302605.74648229603,4124085.260209077,1.5732865904834819
302605.746357783,4124085.310208922,1.5732865904602895
302605.7462332699,4124085.360208767,1.5732865904834819
302605.74610875687,4124085.4102086117,1.573286591624439
302605.74598424375,4124085.460208457,1.5732865904834819
302605.7458597307,4124085.5102083017,1.5732865904602895
302605.74573521764,4124085.560208147,1.5732865916476313
302605.7456107045,4124085.6102079917,1.5732865904834819
302605.7454861915,4124085.6602078364,1.573286591624439
302605.74536167836,4124085.7102076816,1.5732865904834819
302605.7452371653,4124085.7602075264,1.573286591624439
302605.7451126522,4124085.8102073716,1.5732865904834819
302605.74498813914,4124085.8602072163,1.573286591624439
302605.744863626,4124085.9102070616,1.5732865904834819
302605.74473911297,4124085.9602069063,1.5732865904602895
302605.7446145999,4124086.0102067515,1.5732865916476313
302605.7444900868,4124086.0602065963,1.5732865904602895
302605.74436557374,4124086.1102064415,1.5732865916476313
302605.74424106063,4124086.1602062862,1.5732865904602895
302605.7441165476,4124086.2102061315,1.5732865916476313
302605.74399203446,4124086.260205976,1.5732865904602895
302605.7438675214,4124086.3102058214,1.5732865893193322
302605.7437430084,4124086.360205666,1.5732865904834819
302605.74361849535,4124086.410205511,1.573286591624439
302605.74349398224,4124086.460205356,1.5732865904834819
302605.7433694692,4124086.510205201,1.5732865904602895
302605.74324495613,4124086.560205046,1.5732865916476313
302605.743120443,4124086.610204891,1.5732865904602895
302605.74299592996,4124086.660204736,1.5732865916476313
302605.74287141685,4124086.710204581,1.5732865904602895
302605.7427469038,4124086.760204426,1.5732865916476313
302605.7426223907,4124086.8102042708,1.5732865904602895
302605.7424978776,4124086.860204116,1.5732865916476313
302605.7423733645,4124086.9102039607,1.5732865904602895
302605.74224885146,4124086.960203806,1.5732865916476313
302605.74212433834,4124087.0102036507,1.5732865904834819
302605.7419998253,4124087.0602034954,1.5732865904602895
302605.74187531223,4124087.1102033406,1.5732865916476313
302605.7417507991,4124087.1602031854,1.5732865904602895
302605.74162628606,4124087.2102030306,1.5732865916476313
302605.74150177295,4124087.2602028754,1.5732865904602895
302605.7413772599,4124087.3102027206,1.5732865904834819
302605.74125274684,4124087.3602025653,1.5732865904602895
302605.7411282338,4124087.4102024105,1.5732865904834819
302605.74100372073,4124087.4602022553,1.5732865904602895
302605.7408792077,4124087.5102021005,1.5732865916476313
302605.74075469456,4124087.5602019452,1.5732865904602895
302605.7406301815,4124087.6102017905,1.5732865904834819
302605.74050566845,4124087.660201635,1.573286591624439
302605.74038115534,4124087.7102014804,1.5732865904834819
302605.7402566423,4124087.760201325,1.5732865916476313
302605.74013212917,4124087.81020117,1.5732865904602895
302605.7400076161,4124087.860201015,1.5732865916476313
302605.739883103,4124087.91020086,1.5732865904602895
302605.73975858995,4124087.960200705,1.5732865916476313
302605.73963407683,4124088.01020055,1.5732865904602895
302605.7395095638,4124088.060200395,1.5732865916476313
302605.73938505066,4124088.11020024,1.5732865904602895
302605.7392605376,4124088.160200085,1.5732865904602895
