302486.5805293986,4123758.368371868,1.0634036323696465
302486.6048244025,4123758.4120725864,1.0634036354221064
302486.6291194062,4123758.4557733047,1.0634036323696465
302486.65341441013,4123758.499474023,1.0634036313521598
302486.6777094141,4123758.5431747413,1.0634036399474034
302486.70200441784,4123758.58687546,1.0634036323696465
302486.72629942175,4123758.6305761784,1.0634036313521598
302486.7505944257,4123758.6742768968,1.0634036323696465
302486.7748894296,4123758.717977615,1.0634036323696465
302486.79918443353,4123758.7616783334,1.0634036354221064
302486.82347943727,4123758.8053790517,1.0634036313521598
302486.84777444124,4123758.84907977,1.0634036323696465
302486.87206944515,4123758.8927804884,1.0634036389299169
302486.89636444894,4123758.936481207,1.063403633387133
302486.9206594528,4123758.9801819255,1.0634036313521598
302486.94495445676,4123759.023882644,1.0634036354221064
302486.9692494605,4123759.067583362,1.0634036323696465
302486.9935444644,4123759.1112840804,1.0634036313521598
302487.0178394684,4123759.1549847987,1.0634036323696465
302487.0421344723,4123759.198685517,1.0634036313521598
302487.06642947625,4123759.2423862354,1.0634036409648902
302487.09072447993,4123759.286086954,1.0634036313521598
302487.1150194839,4123759.3297876725,1.0634036323696465
302487.1393144878,4123759.373488391,1.0634036354221064
302487.16360949154,4123759.417189109,1.0634036313521598
302487.1879044955,4123759.4608898275,1.063403633387133
302487.21219949936,4123759.504590546,1.0634036344046198
302487.23649450316,4123759.548291264,1.0634036323696465
302487.26078950707,4123759.5919919824,1.0634036323696465
302487.285084511,4123759.6356927007,1.063403635877457
302487.30937951495,4123759.6793934195,1.0634036323696465
302487.33367451886,4123759.723094138,1.0634036344046198
302487.35796952265,4123759.766794856,1.063403633387133
302487.3822645265,4123759.8104955745,1.0634036313521598
302487.4065595305,4123759.854196293,1.0634036354221064
302487.4308545342,4123759.897897011,1.0634036323696465
302487.4551495381,4123759.9415977295,1.0634036313521598
302487.4794445421,4123759.985298448,1.0634036323696465
302487.503739546,4123760.028999166,1.0634036323696465
302487.5280345499,4123760.0726998844,1.0634036389299169
302487.5523295537,4123760.116400603,1.0634036323696465
302487.5766245576,4123760.1601013215,1.0634036323696465
302487.6009195615,4123760.20380204,1.0634036354221064
302487.62521456525,4123760.247502758,1.0634036323696465
302487.64950956916,4123760.2912034765,1.0634036313521598
302487.67380457313,4123760.334904195,1.0634036399474034
302487.69809957687,4123760.3786049136,1.0634036323696465
302487.7223945808,4123760.422305632,1.0634036313521598
302487.74668958475,4123760.4660063502,1.0634036323696465
302487.77098458866,4123760.5097070686,1.0634036323696465
302487.79527959257,4123760.553407787,1.0634036344046198
302487.81957459636,4123760.597108505,1.063403633387133
302487.8438696002,4123760.6408092235,1.0634036313521598
302487.8681646042,4123760.684509942,1.0634036344046198
302487.892459608,4123760.72821066,1.0634036379124303
302487.9167546118,4123760.771911379,1.0634036323696465
302487.94104961574,4123760.8156120973,1.0634036344046198
302487.96534461953,4123760.8593128156,1.0634036323696465
302487.98963962344,4123760.903013534,1.0634036323696465
302488.01393462735,4123760.9467142522,1.0634036344046198
302488.03822963114,4123760.9904149706,1.0634036323696465
302488.06252463505,4123761.034115689,1.0634036323696465
302488.08681963896,4123761.077816407,1.0634036323696465
302488.1111146429,4123761.1215171255,1.0634036313521598
302488.13540964684,4123761.165217844,1.0634036389299169
302488.15970465064,4123761.2089185626,1.063403633387133
302488.1839996545,4123761.252619281,1.0634036323696465
302488.2082946584,4123761.2963199993,1.0634036344046198
302488.2325896622,4123761.3400207176,1.0634036323696465
302488.2568846661,4123761.383721436,1.0634036323696465
302488.28117967,4123761.427422154,1.0634036389299169
302488.3054746738,4123761.471122873,1.063403633387133
302488.32976967766,4123761.5148235913,1.0634036323696465
302488.35406468157,4123761.5585243097,1.0634036313521598
302488.37835968554,4123761.602225028,1.0634036323696465
302488.40265468945,4123761.6459257463,1.0634036344046198
302488.42694969324,4123761.6896264646,1.0634036323696465
302488.45124469715,4123761.733327183,1.0634036313521598
302488.4755397011,4123761.7770279013,1.0634036354221064
302488.49983470485,4123761.8207286196,1.0634036379124303
302488.5241297087,4123761.8644293384,1.0634036313521598
302488.5484247127,4123761.9081300567,1.0634036323696465
302488.5727197166,4123761.951830775,1.0634036313521598
302488.59701472055,4123761.9955314933,1.0634036354221064
302488.6213097243,4123762.0392322117,1.0634036323696465
302488.6456047282,4123762.08293293,1.0634036323696465
302488.6698997321,4123762.1266336483,1.0634036344046198
302488.6941947359,4123762.1703343666,1.0634036323696465
302488.7184897398,4123762.214035085,1.0634036323696465
302488.7427847437,4123762.2577358033,1.063403635877457
302488.7670797477,4123762.301436522,1.0634036323696465
302488.7913747516,4123762.3451372404,1.0634036344046198
302488.8156697554,4123762.3888379587,1.063403633387133
302488.83996475925,4123762.432538677,1.0634036313521598
302488.8642597632,4123762.4762393953,1.0634036344046198
302488.888554767,4123762.5199401136,1.063403633387133
302488.91284977086,4123762.563640832,1.0634036323696465
302488.93714477477,4123762.6073415503,1.0634036389299169
302488.96143977856,4123762.651042269,1.0634036323696465
302488.9857347825,4123762.6947429874,1.0634036323696465
302489.0100297864,4123762.7384437057,1.0634036344046198
302489.0343247902,4123762.782144424,1.0634036323696465
302489.0586197941,4123762.8258451424,1.0634036323696465
302489.082914798,4123762.8695458607,1.0634036323696465
302489.1072098019,4123762.913246579,1.0634036323696465
302489.1315048058,4123762.9569472973,1.0634036379124303
302489.15579980967,4123763.000648016,1.063403633387133
302489.1800948135,4123763.0443487344,1.0634036323696465
302489.20438981743,4123763.0880494528,1.0634036344046198
302489.2286848212,4123763.131750171,1.063403633387133
302489.2529798251,4123763.1754508894,1.0634036313521598
302489.27727482904,4123763.2191516077,1.0634036344046198
302489.30156983284,4123763.262852326,1.063403633387133
302489.3258648367,4123763.3065530444,1.0634036368949435
302489.3501598406,4123763.350253763,1.0634036313521598
302489.37445484457,4123763.3939544815,1.0634036323696465
302489.3987498485,4123763.4376552,1.063403633387133
302489.42304485233,4123763.481355918,1.063403633387133
302489.4473398562,4123763.5250566364,1.0634036323696465
302489.4716348601,4123763.5687573547,1.0634036344046198
302489.4959298639,4123763.612458073,1.063403633387133
302489.52022486774,4123763.6561587914,1.0634036313521598
302489.5445198717,4123763.6998595097,1.0634036389299169
302489.5688148755,4123763.7435602285,1.063403633387133
302489.59310987935,4123763.787260947,1.0634036323696465
302489.61740488326,4123763.830961665,1.0634036323696465
302489.6416998872,4123763.8746623835,1.0634036313521598
302489.66599489114,4123763.918363102,1.0634036344046198
302489.69028989493,4123763.96206382,1.0634036323696465
302489.71458489884,4123764.0057645384,1.0634036323696465
302489.73887990275,4123764.0494652567,1.063403633387133
302489.7631749066,4123764.093165975,1.0634036389299169
302489.7874699104,4123764.136866694,1.0634036323696465
302489.8117649143,4123764.180567412,1.0634036313521598
302489.8360599183,4123764.2242681305,1.0634036323696465
302489.8603549222,4123764.267968849,1.063403633387133
302489.88464992604,4123764.311669567,1.063403633387133
302489.9089449299,4123764.3553702855,1.0634036323696465
302489.9332399338,4123764.399071004,1.0634036344046198
302489.9575349376,4123764.442771722,1.0634036379124303
302489.98182994145,4123764.486472441,1.0634036313521598
302490.0061249454,4123764.530173159,1.0634036344046198
302490.0304199492,4123764.5738738775,1.063403633387133
302490.05471495306,4123764.617574596,1.0634036323696465
302490.079009957,4123764.661275314,1.0634036313521598
302490.10330496094,4123764.7049760325,1.0634036323696465
302490.12759996485,4123764.748676751,1.063403633387133
302490.1518949687,4123764.792377469,1.063403633387133
302490.17618997255,4123764.8360781875,1.0634036368949435
302490.20048497646,4123764.8797789062,1.0634036344046198
302490.22477998026,4123764.9234796246,1.063403633387133
302490.2490749841,4123764.967180343,1.0634036313521598
302490.2733699881,4123765.010881061,1.0634036344046198
302490.2976649919,4123765.0545817795,1.063403633387133
302490.3219599957,4123765.098282498,1.0634036323696465
302490.34625499963,4123765.141983216,1.0634036323696465
302490.37055000354,4123765.1856839345,1.0634036313521598
302490.3948450075,4123765.229384653,1.0634036379124303
302490.41914001136,4123765.2730853716,1.0634036344046198
302490.44343501516,4123765.31678609,1.0634036313521598
302490.4677300191,4123765.3604868082,1.063403633387133
302490.492025023,4123765.4041875266,1.0634036344046198
302490.51632002677,4123765.447888245,1.0634036323696465
302490.5406150307,4123765.491588963,1.063403633387133
302490.56491003453,4123765.5352896815,1.0634036379124303
302490.5892050384,4123765.5789904003,1.0634036323696465
302490.6135000423,4123765.6226911186,1.0634036323696465
302490.6377950462,4123765.666391837,1.0634036313521598
302490.6620900502,4123765.7100925553,1.063403633387133
302490.686385054,4123765.7537932736,1.0634036344046198
302490.7106800578,4123765.797493992,1.0634036313521598
302490.7349750618,4123765.84119471,1.063403633387133
302490.75927006564,4123765.8848954285,1.0634036344046198
302490.78356506943,4123765.928596147,1.0634036368949435
302490.80786007334,4123765.9722968657,1.063403633387133
302490.8321550772,4123766.015997584,1.063403633387133
302490.85645008105,4123766.0596983023,1.0634036323696465
302490.88074508496,4123766.1033990206,1.0634036323696465
302490.90504008887,4123766.147099739,1.0634036323696465
302490.9293350928,4123766.1908004573,1.0634036323696465
302490.9536300967,4123766.2345011756,1.0634036344046198
302490.9779251005,4123766.278201894,1.0634036323696465
302491.0022201044,4123766.321902612,1.0634036379124303
302491.02651510824,4123766.365603331,1.0634036344046198
302491.05081011204,4123766.4093040493,1.0634036313521598
302491.075105116,4123766.4530047677,1.0634036323696465
302491.0994001199,4123766.496705486,1.0634036313521598
302491.1236951239,4123766.5404062043,1.063403633387133
302491.14799012773,4123766.5841069226,1.0634036344046198
302491.1722851315,4123766.627807641,1.0634036313521598
302491.1965801355,4123766.6715083593,1.0634036389299169
302491.2208751393,4123766.715209078,1.063403633387133
302491.24517014314,4123766.7589097964,1.0634036323696465
302491.26946514705,4123766.8026105147,1.0634036323696465
302491.29376015096,4123766.846311233,1.0634036344046198
302491.31805515476,4123766.8900119513,1.0634036323696465
302491.34235015867,4123766.9337126696,1.0634036323696465
302491.3666451626,4123766.977413388,1.0634036313521598
302491.39094016654,4123767.0211141063,1.063403633387133
302491.4152351704,4123767.0648148246,1.0634036389299169
302491.4395301742,4123767.1085155434,1.0634036313521598
302491.46382517816,4123767.1522162617,1.063403633387133
302491.488120182,4123767.19591698,1.0634036344046198
302491.5124151858,4123767.2396176984,1.0634036323696465
302491.5367101897,4123767.2833184167,1.063403633387133
302491.56100519357,4123767.327019135,1.063403633387133
302491.5853001974,4123767.3707198533,1.0634036323696465
302491.6095952013,4123767.4144205716,1.0634036368949435
302491.63389020524,4123767.4581212904,1.0634036323696465
302491.65818520915,4123767.5018220088,1.0634036323696465
302491.68248021306,4123767.545522727,1.0634036344046198
302491.70677521685,4123767.5892234454,1.0634036323696465
302491.73107022076,4123767.6329241637,1.0634036323696465
302491.7553652247,4123767.676624882,1.0634036344046198
302491.77966022847,4123767.7203256004,1.0634036323696465
302491.8039552324,4123767.7640263187,1.063403633387133
302491.8282502362,4123767.807727037,1.0634036389299169
302491.85254524,4123767.851427756,1.0634036313521598
302491.876840244,4123767.895128474,1.0634036323696465
302491.9011352479,4123767.9388291924,1.0634036323696465
302491.9254302518,4123767.9825299107,1.0634036323696465
302491.9497252557,4123768.026230629,1.0634036344046198
302491.9740202595,4123768.0699313474,1.0634036323696465
302491.9983152634,4123768.1136320657,1.0634036323696465
302492.02261026733,4123768.157332784,1.0634036399474034
302492.04690527107,4123768.201033503,1.0634036313521598
302492.07120027504,4123768.244734221,1.063403633387133
302492.0954952789,4123768.2884349395,1.0634036344046198
302492.1197902827,4123768.332135658,1.0634036313521598
302492.14408528665,4123768.375836376,1.0634036323696465
302492.16838029056,4123768.4195370944,1.0634036323696465
302492.1926752945,4123768.4632378127,1.0634036323696465
302492.2169702984,4123768.506938531,1.0634036399474034
302492.2412653021,4123768.55063925,1.0634036313521598
302492.2655603061,4123768.594339968,1.0634036323696465
302492.28985531,4123768.6380406865,1.0634036354221064
302492.31415031373,4123768.681741405,1.0634036323696465
302492.33844531764,4123768.725442123,1.0634036313521598
302492.3627403216,4123768.7691428415,1.0634036323696465
302492.3870353255,4123768.81284356,1.0634036323696465
302492.4113303294,4123768.856544278,1.0634036344046198
302492.4356253332,4123768.9002449964,1.0634036323696465
302492.45992033713,4123768.9439457147,1.0634036368949435
302492.48421534104,4123768.9876464335,1.0634036354221064
302492.5085103448,4123769.031347152,1.0634036313521598
302492.53280534875,4123769.07504787,1.0634036323696465
302492.55710035266,4123769.1187485885,1.0634036354221064
302492.5813953564,4123769.162449307,1.0634036313521598
302492.60569036036,4123769.206150025,1.0634036323696465
302492.62998536427,4123769.2498507435,1.0634036323696465
302492.6542803682,4123769.293551462,1.0634036323696465
302492.6785753721,4123769.33725218,1.0634036389299169
302492.7028703759,4123769.380952899,1.0634036323696465
302492.7271653798,4123769.424653617,1.063403633387133
302492.75146038365,4123769.4683543355,1.0634036344046198
302492.77575538744,4123769.512055054,1.0634036323696465
302492.80005039135,4123769.555755772,1.0634036323696465
302492.82434539526,4123769.5994564905,1.0634036389299169
302492.84864039905,4123769.6431572093,1.0634036313521598
302492.872935403,4123769.6868579276,1.0634036323696465
302492.89723040693,4123769.730558646,1.0634036323696465
302492.92152541084,4123769.774259364,1.0634036323696465
302492.94582041475,4123769.8179600826,1.0634036354221064
302492.9701154185,4123769.861660801,1.0634036313521598
302492.99441042246,4123769.905361519,1.0634036323696465
302493.01870542637,4123769.9490622375,1.0634036354221064
302493.0430004301,4123769.992762956,1.0634036323696465
302493.067295434,4123770.036463674,1.0634036368949435
302493.0915904379,4123770.080164393,1.0634036344046198
302493.1158854417,4123770.1238651113,1.0634036323696465
302493.1401804456,4123770.1675658296,1.0634036313521598
302493.1644754496,4123770.211266548,1.0634036323696465
302493.1887704535,4123770.254967266,1.0634036323696465
302493.2130654574,4123770.2986679845,1.0634036354221064
302493.23736046115,4123770.342368703,1.0634036313521598
302493.2616554651,4123770.386069421,1.0634036323696465
302493.285950469,4123770.4297701395,1.0634036399474034
302493.31024547276,4123770.4734708583,1.0634036323696465
302493.3345404767,4123770.5171715766,1.0634036323696465
302493.3588354806,4123770.560872295,1.0634036344046198
302493.3831304844,4123770.6045730133,1.0634036323696465
302493.4074254883,4123770.6482737316,1.0634036313521598
302493.43172049226,4123770.69197445,1.0634036323696465
302493.45601549617,4123770.735675168,1.0634036323696465
302493.4803105001,4123770.7793758865,1.0634036399474034
302493.5046055038,4123770.8230766053,1.0634036323696465
302493.5289005077,4123770.8667773237,1.0634036313521598
302493.5531955117,4123770.910478042,1.0634036354221064
302493.5774905154,4123770.9541787603,1.0634036323696465
302493.60178551933,4123770.9978794786,1.0634036323696465
302493.62608052325,4123771.041580197,1.0634036313521598
302493.6503755272,4123771.0852809153,1.0634036323696465
302493.6746705311,4123771.1289816336,1.0634036399474034
302493.69896553486,4123771.1726823524,1.0634036313521598
302493.7232605388,4123771.2163830707,1.063403633387133
302493.7475555427,4123771.260083789,1.0634036344046198
302493.7718505465,4123771.3037845073,1.0634036323696465
302493.7961455504,4123771.3474852256,1.0634036313521598
302493.82044055435,4123771.391185944,1.0634036354221064
302493.8447355581,4123771.4348866623,1.0634036323696465
302493.869030562,4123771.4785873806,1.0634036313521598
302493.89332556596,4123771.522288099,1.0634036379124303
302493.9176205698,4123771.5659888177,1.0634036313521598
302493.9419155738,4123771.609689536,1.0634036354221064
302493.9662105775,4123771.6533902544,1.0634036313521598
302493.9905055815,4123771.6970909727,1.0634036323696465
302494.0148005854,4123771.740791691,1.0634036364395931
302494.0390955891,4123771.7844924093,1.0634036313521598
302494.06339059304,4123771.8281931276,1.0634036323696465
302494.08768559695,4123771.871893846,1.0634036389299169
302494.11198060075,4123771.9155945648,1.0634036323696465
302494.13627560466,4123771.959295283,1.0634036313521598
302494.1605706086,4123772.0029960014,1.0634036323696465
302494.18486561254,4123772.0466967197,1.0634036323696465
302494.20916061645,4123772.090397438,1.0634036354221064
302494.2334556202,4123772.1340981564,1.0634036323696465
302494.2577506241,4123772.1777988747,1.0634036313521598
302494.28204562806,4123772.221499593,1.0634036399474034
302494.3063406318,4123772.265200312,1.0634036323696465
302494.3306356357,4123772.30890103,1.0634036323696465
302494.3549306396,4123772.3526017484,1.0634036354221064
302494.37922564335,4123772.3963024667,1.0634036313521598
302494.4035206473,4123772.440003185,1.0634036323696465
302494.42781565123,4123772.4837039034,1.0634036323696465
302494.45211065514,4123772.5274046217,1.0634036323696465
302494.47640565905,4123772.57110534,1.0634036344046198
302494.50070066284,4123772.6148060584,1.0634036368949435
302494.52499566675,4123772.658506777,1.0634036313521598
302494.5492906707,4123772.7022074955,1.0634036354221064
302494.57358567446,4123772.745908214,1.0634036323696465
302494.59788067837,4123772.789608932,1.0634036323696465
302494.6221756823,4123772.8333096504,1.0634036354221064
302494.646470686,4123772.8770103687,1.0634036313521598
302494.67076569,4123772.920711087,1.0634036323696465
302494.6950606939,4123772.9644118054,1.0634036313521598
302494.71935569786,4123773.0081125237,1.063403633387133
302494.7436507017,4123773.051813242,1.0634036389299169
302494.7679457055,4123773.095513961,1.0634036323696465
302494.7922407094,4123773.139214679,1.0634036323696465
302494.8165357133,4123773.1829153975,1.0634036344046198
302494.8408307171,4123773.226616116,1.0634036323696465
302494.86512572103,4123773.270316834,1.0634036323696465
302494.88942072494,4123773.3140175524,1.0634036323696465
302494.91371572885,4123773.3577182707,1.0634036313521598
302494.9380107328,4123773.401418989,1.0634036399474034
302494.96230573655,4123773.445119708,1.0634036323696465
302494.98660074046,4123773.488820426,1.0634036313521598
302495.01089574443,4123773.5325211445,1.0634036354221064
302495.03519074817,4123773.576221863,1.0634036323696465
302495.0594857521,4123773.619922581,1.0634036323696465
302495.083780756,4123773.6636232994,1.0634036354221064
302495.1080757597,4123773.707324018,1.0634036379124303
302495.1323707636,4123773.7510247366,1.063403633387133
302495.1566657674,4123773.794725455,1.063403633387133
302495.1809607713,4123773.838426173,1.063403633387133
302495.20525577513,4123773.8821268915,1.0634036374570797
302495.22955077875,4123773.92582761,1.0634036399474034
302495.2538457825,4123773.9695283286,1.0634036344046198
302495.2781407863,4123774.013229047,1.0634036429998635
302495.30243578984,4123774.0569297657,1.063403642544513
302495.32673079317,4123774.100630484,1.0634036480872966
302495.35102579644,4123774.144331203,1.0634036521572432
302495.3753207995,4123774.1880319216,1.0634036617699734
302495.3996158022,4123774.231732641,1.0634036602971364
302495.4239108048,4123774.2754333597,1.0634036699098666
302495.4482058071,4123774.319134079,1.06340367850511
302495.4725008091,4123774.3628347986,1.0634036770322732
302495.496795811,4123774.406535518,1.06340368766249
302495.5210908125,4123774.4502362376,1.0634036927499233
302495.54538581375,4123774.4939369573,1.0634037160453298
302495.56968081417,4123774.537637678,1.0634037272376835
302495.59397581394,4123774.5813383986,1.0634037470252802
302495.61827081285,4123774.6250391197,1.0634037647779035
302495.642565811,4123774.6687398413,1.0634037845655002
302495.66686080827,4123774.7124405634,1.0634038033356104
302495.6911558047,4123774.756141286,1.0634038210882335
302495.71545080043,4123774.799842009,1.063403854103158
302495.7397457945,4123774.8435427323,1.0634038992211339
302495.7640407868,4123774.887243457,1.0634039473915693
302495.78833577706,4123774.9309441834,1.063403985493929
302495.81263076543,4123774.97464491,1.0634040422596054
302495.8369257516,4123775.0183456386,1.0634040981145891
302495.86122073507,4123775.062046368,1.0634041650551336
302495.88551571575,4123775.1057470995,1.0634042421705472
302495.90981069306,4123775.1494478327,1.063404330478318
302495.93410566635,4123775.193148568,1.0634044278366717
302495.95840063563,4123775.2368493057,1.063404531862092
302495.98269560025,4123775.280550046,1.0634046622353734
302496.0069905592,4123775.3242507894,1.0634048068534767
302496.03128551174,4123775.367951536,1.0634049778194399
302496.0555804568,4123775.411652287,1.063405172080797
302496.0798753936,4123775.455353043,1.063405380131645
302496.1041703211,4123775.4990538037,1.0634056251605584
302496.1284652379,4123775.5427545705,1.0634059077296898
302496.15276014246,4123775.586455344,1.063406220261298
302496.1770550333,4123775.6301561254,1.0634065829983068
302496.20134990825,4123775.6738569154,1.0634069944679077
302496.22564476513,4123775.7175577153,1.0634074804557718
302496.24993960094,4123775.761258527,1.0634080202636729
302496.2742344131,4123775.804959352,1.063408629047075
302496.29852919874,4123775.848660192,1.0634093302082364
302496.3228239536,4123775.8923610486,1.0634101327976657
302496.3471186734,4123775.936061925,1.063411045972762
302496.37141335336,4123775.9797628233,1.0634120925735904
302496.3957079877,4123776.0234637475,1.0634132645672032
302496.42000257055,4123776.0671646995,1.0634146104722608
302496.4442970948,4123776.1108656847,1.06341614464064
302496.46859155194,4123776.154566707,1.0634178934201541
302496.4928859326,4123776.198267772,1.0634198902810454
302496.517180226,4123776.241968885,1.063422158518564
302496.5414744204,4123776.2856700537,1.0634247378150865
302496.56576850195,4123776.3293712847,1.0634276874262365
302496.59006245463,4123776.3730725874,1.0634310413845847
302496.61435626075,4123776.4167739716,1.0634348519304326
302496.6386499004,4123776.4604754485,1.0634391936891838
302496.66294335015,4123776.5041770306,1.0634441467212472
302496.6872365836,4123776.5478787334,1.0634497821445543
302496.7115295708,4123776.591580573,1.0634562054571886
302496.73582227726,4123776.6352825686,1.0634635155972598
302496.76011466415,4123776.6789847417,1.0634718368328282
302496.78440668737,4123776.722687117,1.063481324412224
302496.80869829596,4123776.7663897225,1.0634921274785825
302496.83298943256,4123776.8100925907,1.0635044353134122
302496.85728003125,4123776.853795758,1.063518448282527
302496.88157001755,4123776.8974992656,1.0635343921904366
302496.90585930686,4123776.94120316,1.0635525576368703
302496.9301478024,4123776.9849074963,1.0635732440351087
302496.95443539385,4123777.0286123347,1.0635968100519206
302496.9787219553,4123777.0723177455,1.0636236412647655
302497.003007344,4123777.116023808,1.063654192678453
302497.0272913976,4123777.1597306123,1.0636889656553763
302497.0515739313,4123777.203438261,1.0637285588026326
302497.0758547343,4123777.247146871,1.0637736564346736
302497.10013356624,4123777.290856576,1.063825001891128
302497.1244101539,4123777.3345675278,1.0638834591604116
302497.14868418616,4123777.3782798983,1.0639500063185159
302497.1729553095,4123777.4219938843,1.0640257656109748
302497.1972231212,4123777.465709709,1.0641120014227465
302497.2214871627,4123777.509427626,1.0642101645791429
302497.2457469127,4123777.553147925,1.064321868076615
302497.27000177867,4123777.596870933,1.0644490046236712
302497.2942510858,4123777.640597025,1.0645936646149876
302497.3184940672,4123777.684326624,1.064758241119489
302497.3427298514,4123777.7280602125,1.0649454459860186
302497.36695744796,4123777.771798337,1.065158352648663
302497.3911757318,4123777.8155416185,1.065400424336072
302497.4153834259,4123777.8592907614,1.0656755818888237
302497.43957908126,4123777.9030465637,1.0659882263320635
302497.4637610551,4123777.946809928,1.0663433463601235
302497.48792748625,4123777.990581877,1.0667465015604332
302497.5120762683,4123778.034363565,1.067203952407229
302497.53620501986,4123778.078156295,1.0677226393266752
302497.560311053,4123778.121961534,1.0683103011416528
302497.5843913392,4123778.1657809312,1.0689754801674185
302497.6084424721,4123778.209616336,1.0697275376541144
302497.6324606308,4123778.253469815,1.0705766976587379
302497.6564415418,4123778.2973436727,1.0715339118937326
302497.6803804446,4123778.3412404642,1.0726108271105133
302497.7042720595,4123778.3851630087,1.0738195939339192
302497.72811056377,4123778.4291143985,1.0751725074512894
302497.75188958255,4123778.4730979973,1.0766815761520567
302497.77560219873,4123778.5171174277,1.0783577948337038
302497.79924099386,4123778.561176541,1.0802101692214046
302497.82279813266,4123778.6052793628,1.0822443348487842
302497.84626550874,4123778.6494300095,1.0844605895837243
302497.8696349762,4123778.693632554,1.0868513596933886
302497.89289869746,4123778.73789084,1.0893976252564894
302497.91604964953,4123778.7822082173,1.0920642545334833
302497.93908234156,4123778.826587172,1.0947937529680567
302497.96199381753,4123778.871028833,1.0974978497168817
302497.9847850387,4123778.915532293,1.1000600210247153
302498.0074621631,4123778.960094008,1.1024087322120832
302498.03003456595,4123779.0047088694,1.104502425902799
302498.052513512,4123779.0493708975,1.1063513355226349
302498.07490984467,4123779.0940744127,1.1079046968352049
302498.0972367091,4123779.1388126626,1.1091162532215544
302498.11950935365,4123779.1835779287,1.1100389079003652
302498.1417406859,4123779.228363726,1.1106765478515306
302498.16394345684,4123779.27316369,1.1110331440732502
302498.18613025144,4123779.3179715704,1.111112046465911
302498.2083135105,4123779.362781201,1.1109156943590495
302498.23050556757,4123779.407586475,1.1104456159812675
302498.2527186833,4123779.45238131,1.1097028495033316
302498.2749650636,4123779.497159631,1.1086885862594125
302498.2972568478,4123779.541915362,1.107405334005577
302498.31960604416,4123779.586642445,1.1058586057393702
302498.34202439216,4123779.6313349023,1.1040592374725522
302498.3645231202,4123779.6759869447,1.1020267555064827
302498.3871125552,4123779.7205931647,1.099793960689726
302498.4098015307,4123779.7651488367,1.0974133374739867
302498.43259651447,4123779.809650373,1.0949657622812274
302498.4555003544,4123779.8540959912,1.0925701322228476
302498.47851060797,4123779.8984866207,1.0902182047356521
302498.5016252023,4123779.942823011,1.0881204367518047
302498.5248327512,4123779.987110811,1.0862825070802233
302498.548121657,4123780.031355879,1.0846766702288764
302498.5714815827,4123780.075563491,1.0833109335341535
302498.594901863,4123780.119739159,1.0821885894950292
302498.6183717098,4123780.1638885154,1.081310355006851
302498.64188032184,4123780.2080172445,1.080675860691251
302498.66541692987,4123780.252131051,1.0802847377052391
302498.68897079036,4123780.296235649,1.080137496751081
302498.712531145,4123780.340336779,1.0802359815978992
302498.73608715617,4123780.3844402293,1.0805838150625133
302498.75962782453,4123780.428551869,1.0811866257644491
302498.7831418967,4123780.4726776895,1.0820521521905648
302498.80661776674,4123780.516823843,1.0831902227871244
302498.8300433788,4123780.560996683,1.0846125985344424
302498.85340613604,4123780.6052027964,1.0863326423908302
302498.876692822,4123780.649449029,1.088364785148991
302498.8998895464,4123780.693742494,1.0907236776990097
302498.9229817263,4123780.7380905612,1.093571955628352
302498.94594749785,4123780.782504223,1.0966880741462304
302498.96877475455,4123780.8269892223,1.1001346733494461
302498.9914485458,4123780.8715526178,1.1039273625538304
302499.0139531487,4123780.916201666,1.1080406751513368
302499.03627389466,4123780.9609428816,1.1124235430558251
302499.05839832046,4123781.0057814727,1.1169875964300426
302499.0803178613,4123781.050720554,1.1215909958068313
302499.10203029396,4123781.0957600544,1.1261199279643221
302499.12353852397,4123781.140897427,1.1305069976500413
302499.1448485301,4123781.1861287304,1.1347178863064449
302499.16596788855,4123781.2314493763,1.138741662881965
302499.18690472195,4123781.276854647,1.1425837023796859
302499.207666958,4123781.3223400344,1.1462606534112387
302499.2282618118,4123781.3679014677,1.1497967754923464
302499.2486954317,4123781.413535454,1.153221312636148
302499.2689726614,4123781.4592391583,1.1565667024373907
302499.2890968858,4123781.5050104526,1.1598671558058493
302499.3090699397,4123781.5508479276,1.163157632139597
302499.3288920636,4123781.5967508866,1.1664730019302683
302499.34856189956,4123781.642719325,1.1700150742532607
302499.3680687898,4123781.688757149,1.1735223200457527
302499.38741408876,4123781.7348630917,1.1771270831737564
302499.40659305453,4123781.7810384533,1.1808780132005565
302499.425598678,4123781.8272854113,1.1847888488713143
302499.44442328496,4123781.873606325,1.1888613237470895
302499.463059088,4123781.9200034984,1.1930800566019175
302499.48149898165,4123781.966478861,1.197405399276894
302499.49973767635,4123782.013033534,1.2017637541053443
302499.51777329436,4123782.059667249,1.2060342459909255
302499.5356096022,4123782.1063775667,1.2101057889664295
302499.553255585,4123782.1531601325,1.2139111676296563
302499.57072342193,4123782.200009527,1.2174135903782404
302499.58802707266,4123782.246919833,1.2205969902461489
302499.60518130846,4123782.2938850042,1.2234590176297684
302499.6222010641,4123782.340899094,1.2260061253536416
302499.63910101913,4123782.387956395,1.228250042938317
302499.65589534224,4123782.4350515082,1.2302053328989575
302499.67259755114,4123782.4821793763,1.2319274795371933
302499.68921857513,4123782.5293359407,1.2333822241418093
302499.7057709804,4123782.5765166334,1.234533803297934
302499.72226904175,4123782.6237163544,1.2354594149973697
302499.7387234074,4123782.6709313258,1.2361711616259397
302499.7551441642,4123782.718157998,1.2366797739946593
302499.77154089895,4123782.765393016,1.2369948127885022
302499.7879227525,4123782.8126331987,1.2371249237445001
302499.8042984594,4123782.8598755123,1.2370783635924687
302499.8206763659,4123782.9071170636,1.2368635818160514
302499.8370644185,4123782.9543550955,1.2364901724713946
302499.85347010876,4123783.001587004,1.2359700420729602
302499.8699003633,4123783.048810372,1.235319004596356
302499.88636135834,4123783.096023033,1.234558942428217
302499.9028582332,4123783.143223169,1.2337206387814559
302499.91939467046,4123783.190409459,1.2328475955580562
302499.93597229756,4123783.237581296,1.2319850128497134
302499.95259060856,4123783.284738817,1.231180613020792
302499.9692468473,4123783.3318829536,1.2305263783892086
302499.98593392584,4123783.3790161833,1.22999496684681
302500.0026460489,4123783.426140538,1.229598434645491
302500.0193768573,4123783.473258263,1.2293454381526288
302500.03611958586,4123783.5203717537,1.2292426993562637
302500.05286715477,4123783.5674835243,1.229295990236243
302500.06961221294,4123783.614596187,1.2295108667262156
302500.08634714724,4123783.6617124467,1.2298931864555787
302500.10306406644,4123783.7088351,1.2304494807108588
302500.1197547687,4123783.7559670443,1.231187125381265
302500.1364106991,4123783.803111286,1.2321144657708876
302500.1530229035,4123783.8502709526,1.2332407281530207
302500.1695819834,4123783.8974492997,1.234575889585361
302500.1860780588,4123783.9446497164,1.2362338154572914
302500.20249585726,4123783.991877419,1.2381008264402216
302500.21882545087,4123784.0391356866,1.2401695851916963
302500.23505724076,4123784.0864276267,1.242485165414704
302500.251179475,4123784.1337570143,1.2450482394843612
302500.26718034304,4123784.181127555,1.2478517172995978
302500.2830483413,4123784.2285427535,1.2508769279807794
302500.2987728217,4123784.2760057254,1.2540884402015566
302500.3143447904,4123784.3235189426,1.2574270256921898
302500.32975804503,4123784.3710838812,1.2608002153650344
302500.3450107695,4123784.4187005498,1.264105708096394
302500.360106019,4123784.4663673905,1.2672790739747857
302500.375049934,4123784.5140819116,1.270282899047677
302500.3898504613,4123784.561841124,1.2730987990820144
302500.4045164498,4123784.60964184,1.2758862383452425
302500.4190491408,4123784.657483254,1.278332455244743
302500.43346475525,4123784.7053600657,1.2805577887584065
302500.44777378987,4123784.7532688305,1.2826226260341562
302500.4619838693,4123784.801207036,1.284543378265796
302500.476101845,4123784.849172446,1.2863373877950517
302500.4901337478,4123784.8971631075,1.2880223788628333
302500.5040847672,4123784.9451773455,1.2896160598508646
302500.5179592503,4123784.993213759,1.2911358090134377
302500.53176071466,4123785.041271204,1.2925985309648522
302500.5454918702,4123785.089348788,1.294020441177056
302500.55915465066,4123785.1374458503,1.295416888721058
302500.5727502536,4123785.185561948,1.2968021499762326
302500.586279191,4123785.233696836,1.29818910022051
302500.5997413558,4123785.2818504455,1.2996921218522737
302500.6131311295,4123785.3300242345,1.301123827839528
302500.62645191775,4123785.3782171407,1.3025718066904015
302500.6397029089,4123785.4264292815,1.3040416071311196
302500.6528830227,4123785.474660843,1.3055215256897827
302500.6659917427,4123785.5229118555,1.306987798823102
302500.6790296992,4123785.571182036,1.3084231800752602
302500.69199835614,4123785.619470881,1.3098192955386752
302500.7048995837,4123785.6677777846,1.3111743369265776
302500.7177353419,4123785.716102127,1.3124913211788518
302500.73050744686,4123785.764443333,1.3137768615085672
302500.7432173971,4123785.812800919,1.3150402207337428
302500.75586624455,4123785.8611745257,1.3162926622983653
302500.7684544973,4123785.909563937,1.3175470112195724
302500.78098204324,4123785.957969102,1.3188173330327988
302500.79344808956,4123786.006390144,1.3201187440599282
302500.8058511102,4123786.0548273707,1.3215047083628928
302500.8181869871,4123786.1032817424,1.3229749861955469
302500.8304516089,4123786.1517541977,1.324483297073856
302500.84264310444,4123786.200245093,1.3260962446895672
302500.8547563699,4123786.248755586,1.3278333501886064
302500.8667853481,4123786.2972870427,1.3297147411649053
302500.8787229971,4123786.3458410394,1.33176085022041
302500.8905612726,4123786.394419353,1.3339920331930848
302500.9022911299,4123786.4430239517,1.3364278683148096
302500.9139025575,4123786.491656969,1.3390862391639289
302500.9253846574,4123786.540320672,1.3419818828600643
302500.93672579416,4123786.589017409,1.3451244144694936
302500.94791384216,4123786.6377495364,1.348515482466215
302500.95893657056,4123786.686519316,1.352144907119726
302500.96978222014,4123786.7353287786,1.3559853114754348
302500.98044034303,4123786.784179537,1.3599848814178466
302500.9909030019,4123786.8330725455,1.3640575572640699
302501.00116645376,4123786.882007781,1.3680763408381467
302501.01123316825,4123786.9309838926,1.3720382042540025
302501.021105771,4123786.97999952,1.3759053842907942
302501.0307887467,4123787.0290529523,1.3794007445413181
302501.0403002007,4123787.0781399123,1.3827040396560275
302501.04964945215,4123787.127258012,1.3858272108987735
302501.0588452527,4123787.1764050643,1.3887889116339136
302501.0678954536,4123787.225579133,1.3916122159805908
302501.0768067851,4123787.2747785556,1.3943230490726497
302501.08558471256,4123787.324001955,1.396949136147243
302501.0942333453,4123787.3732482377,1.3995192413068671
302501.10275538167,4123787.4225165867,1.4020627314989984
302501.11115207744,4123787.4718064545,1.4046092309702833
302501.11942323,4123787.5211175475,1.4071883918195582
302501.12756717455,4123787.570449813,1.4098296813165507
302501.13558079104,4123787.6198034226,1.4125621585487838
302501.1434595215,4123787.6691787536,1.4154141792395591
302501.15119740285,4123787.718576368,1.4185504699969915
302501.15878032247,4123787.7679980164,1.4218765664923525
302501.16619881755,4123787.8174446016,1.4252911287227712
302501.1734484278,4123787.8669162057,1.428925606759608
302501.1805181834,4123787.9164138054,1.4327902694416172
302501.18739659124,4123787.9659383297,1.4368856634378044
302501.19407211576,4123788.0154905804,1.4411988864798921
302501.2005338458,4123788.065071139,1.4456987052687384
302501.20677240577,4123788.114680257,1.4503293272790172
302501.21278117865,4123788.164317732,1.4550023848542148
302501.2185579304,4123788.213982765,1.4596187270493675
302501.2241053545,4123788.2636739714,1.4641219936178487
302501.22942895524,4123788.3133897004,1.4684858396316256
302501.2345355594,4123788.363128238,1.4731210720737098
302501.2394115603,4123788.4128899164,1.4772275950225777
302501.24408316915,4123788.4626711556,1.4811867231555957
302501.2485576487,4123788.5124704675,1.4850650479008123
302501.25283895526,4123788.5622867364,1.4888922599548993
302501.2569295725,4123788.6121190134,1.492699219474917
302501.2608304508,4123788.6619664985,1.4965168459808655
302501.2645410024,4123788.711828517,1.5003751841775939
302501.2680591434,4123788.7617044956,1.504302521017086
302501.2713813799,4123788.811593936,1.508324501659544
302501.27450293873,4123788.861496382,1.5128763887155192
302501.2773973167,4123788.9114125376,1.5173553643878075
302501.28006809065,4123788.9613411096,1.521821116292675
302501.28251586726,4123789.011281053,1.526446321085102
302501.28473263385,4123789.061231734,1.5312573311055138
302501.286709061,4123789.111192465,1.5362859873214563
302501.28843422816,4123789.161162481,1.5415678340696504
302501.2898954386,4123789.2111409153,1.5471404918679823
302501.29107811593,4123789.261126753,1.5530420523593627
302501.29196578154,4123789.3111187895,1.5597006840368774
302501.2925205523,4123789.3611157117,1.5669929095270922
302501.2927107224,4123789.4111152785,1.5742052953951613
302501.29254027514,4123789.461114748,1.5818351660041985
302501.29198834876,4123789.5111113056,1.5898509659717215
302501.2910356843,4123789.5611017128,1.5981824810080019
302501.28966656345,4123789.6110823904,1.6067052779650066
302501.28787152114,4123789.661049617,1.6152862891321367
302501.28564777604,4123789.710999709,1.6238446975328442
302501.2829966154,4123789.760929108,1.6323394268918905
302501.27992140554,4123789.8108344,1.6415772275570488
302501.2763853148,4123789.860709204,1.6501262582444924
302501.27242299117,4123789.910551781,1.6584394330093042
302501.26804647385,4123789.960359529,1.6667644785111955
302501.2632554725,4123790.0101289996,1.6751343603595386
302501.25804808695,4123790.059856554,1.6835762833452017
302501.25242109894,4123790.1095383484,1.6921059978019362
302501.2463705466,4123790.1591703612,1.7007210397450645
302501.239892632,4123790.208748485,1.7093924633530753
302501.232985034,4123790.258268712,1.7180546830381906
302501.22564871656,4123790.3077274417,1.7270203880049024
302501.217869248,4123790.357118533,1.7358452959415331
302501.20965423214,4123790.4064389532,1.7438840771877648
302501.20104303834,4123790.4556915793,1.751705288980253
302501.19204691506,4123790.5048752488,1.7593358147158042
302501.18267577013,4123790.553988789,1.7668127705833485
302501.1729376734,4123790.6030308767,1.7741795669140783
302501.1628385568,4123790.6519999164,1.7814825961498282
302501.15238207905,4123790.7008939497,1.7887683466128494
302501.1415696326,4123790.7497105915,1.796080801631074
302501.1304004783,4123790.7984469966,1.8037612050261504
302501.1188573123,4123790.8470963063,1.8119599140357712
302501.106915692,4123790.8956492827,1.8196135849460349
302501.0946028614,4123790.9441092643,1.8273763586549576
302501.08191425825,4123790.9924720656,1.8352094615945616
302501.0688472412,4123791.0407339055,1.8430995565579587
302501.0553998532,4123791.0888911122,1.8510544059349188
302501.0415698034,4123791.1369398525,1.8590958857228874
302501.02735379344,4123791.1848759223,1.8672545108570657
302501.01274711406,4123791.2326945933,1.8759632828171264
302500.997724493,4123791.2803844335,1.8854758476773583
302500.9822489351,4123791.3279291242,1.894325461857908
302500.966353328,4123791.3753347294,1.9034247035676575
302500.9500271044,4123791.4225935205,1.912767281564412
302500.93326012837,4123791.4696975886,1.9223232242697657
302500.9160438067,4123791.5166392685,1.9320330851395335
302500.8983724554,4123791.5634117057,1.941802041693804
302500.88024492026,4123791.6100095822,1.9520108218843903
302500.86164251744,4123791.656420256,1.9626471192764527
302500.8425475925,4123791.702630317,1.9718568147005144
302500.8230280336,4123791.7486622534,1.9808351578865928
302500.8030960435,4123791.7945169294,1.9895971299928075
302500.7827630541,4123791.8401951864,1.998163063400681
302500.7620394922,4123791.8856977005,2.0065552082833324
302500.7409347023,4123791.931024911,2.0149246199954147
302500.71945115697,4123791.976174189,2.0245168475796427
302500.69753553823,4123792.0211152895,2.032446207220202
302500.67526439566,4123792.065880926,2.0402024262824323
302500.652646785,4123792.1104723383,2.047727932792463
302500.62969424645,4123792.154892278,2.054988453744209
302500.6064197483,4123792.1991445064,2.0619698530451185
302500.5828367803,4123792.2432333506,2.069116950766646
302500.55893922667,4123792.2871526736,2.0764066001420347
302500.53472219367,4123792.3308965554,2.082498664413288
302500.51023920166,4123792.3744919514,2.088396697939007
302500.4854995392,4123792.417942137,2.0941261342481496
302500.4605113282,4123792.4612498847,2.0997092853668615
302500.4352816702,4123792.5044175205,2.1051643320612974
302500.40981683513,4123792.5474470076,2.1112568049579488
302500.38409029046,4123792.5903205997,2.116749255411142
302500.35812870756,4123792.633052156,2.1217708233767905
302500.3319529191,4123792.6756527317,2.1266871630983055
302500.3055680224,4123792.7181240823,2.1315120564780767
302500.27897850063,4123792.760467656,2.136260907534662
302500.25218815875,4123792.802684542,2.1409501788140735
302500.22520008596,4123792.84477543,2.1464876389957426
302500.19797934557,4123792.8867162373,2.151181645453748
302500.1705620929,4123792.928528721,2.1557925095028865
302500.1429523782,4123792.970214287,2.1603925087022855
302500.11515121436,4123793.01177239,2.1649712338127407
302500.0871600437,4123793.0532027874,2.169508881675581
302500.05898112286,4123793.094505807,2.1741438543019944
302500.03061101586,4123793.135677849,2.1792411082039678
302500.0020314266,4123793.176704729,2.183468790282003
302499.9732786943,4123793.2176103466,2.1876116152822633
302499.9443567672,4123793.258396464,2.1916791895461536
302499.9152691785,4123793.299064603,2.1956800995578094
302499.8860190931,4123793.3396160686,2.1996205893504177
302499.8566094047,4123793.380052012,2.203834270488403
302499.8270295658,4123793.4203637117,2.2080332690079407
302499.79728074005,4123793.460550823,2.2116617599888144
302499.7673863224,4123793.5006296854,2.2151549610807413
302499.7373520935,4123793.5406038635,2.2185054086803864
302499.70718409657,4123793.5804771967,2.2217108560575
302499.6768884276,4123793.6202536435,2.2247736921821843
302499.64647105045,4123793.6599371415,2.2278035825561555
302499.61593355716,4123793.699528321,2.2309610884433377
302499.58527121204,4123793.7390228747,2.233595872648674
302499.55450493074,4123793.778436481,2.2361375571596844
302499.5236385798,4123793.817771752,2.2385957246628294
302499.49267563043,4123793.8570310283,2.240977894621934
302499.4616192429,4123793.896216439,2.243288408805549
302499.43047239183,4123793.9353299993,2.2455271947314195
302499.39923804125,4123793.974373744,2.247786176576027
302499.3679155629,4123794.0133468416,2.2500419123206035
302499.33650525473,4123794.0522491806,2.2519430383399373
302499.3050210528,4123794.091091725,2.2537304276727874
302499.2734674771,4123794.1298779296,2.2554068290523763
302499.2418489245,4123794.1686111833,2.256977738108965
302499.21016956226,4123794.207294722,2.2584509039976783
302499.1784332441,4123794.2459315537,2.2598358159196654
302499.1466434441,4123794.2845244007,2.2611434289986154
302499.11480320286,4123794.3230756507,2.262505973952466
302499.08291046234,4123794.3615834825,2.2637358083499075
302499.0509703901,4123794.4000520594,2.2648861896426578
302499.0189860877,4123794.438483865,2.266026273237907
302498.98695799214,4123794.476879179,2.267175268035733
302498.95488580246,4123794.5152376667,2.2683551629654564
302498.92276837653,4123794.5535582853,2.2695915274156953
302498.8906035969,4123794.591839166,2.270914567800735
302498.85838819726,4123794.630077459,2.272358863607893
302498.8261176011,4123794.6682691867,2.274047966372837
302498.79378253774,4123794.706406356,2.2760040016417267
302498.76137294155,4123794.7444802,2.278046128535349
302498.7288856699,4123794.7824877705,2.2803198793504134
302498.6963120733,4123794.8204213623,2.2828423037441956
302498.6636429068,4123794.8582726563,2.285626896400924
302498.6308684771,4123794.8960328214,2.2886821115748806
302498.59797884285,4123794.9336926686,2.2920093282400624
302498.5649640895,4123794.9712428753,2.2956000993475123
302498.53181470593,4123795.008674302,2.2994323585933185
302498.49852209655,4123795.0459784428,2.3036522865345477
302498.46507234167,4123795.0831417833,2.3081314242708726
302498.4314564769,4123795.1201549103,2.312255482233074
302498.3976882858,4123795.1570290546,2.3162618720050254
302498.3637726525,4123795.1937675946,2.320105713678861
302498.3297160592,4123795.2303754906,2.3237617102930144
302498.29552585253,4123795.2668586345,2.3272188379277936
302498.2612097134,4123795.3032233715,2.3304762380567334
302498.2267752885,4123795.3394761486,2.333539801947321
302498.19222994737,4123795.3756232797,2.3364195865662216
302498.1575806371,4123795.411670795,2.3391755984183447
302498.1228320979,4123795.4476226936,2.3419689928945457
302498.0879832687,4123795.4834773834,2.3443340892050295
302498.0530497488,4123795.5192495403,2.3465597275392214
302498.01803670527,4123795.5549438535,2.3486448258794055
302497.9829493136,4123795.5905650817,2.350580223271701
302497.9477930443,4123795.6261183373,2.352360322659822
302497.9125735388,4123795.6616089586,2.3539849548330767
302497.8772964155,4123795.6970423195,2.3554577564983123
302497.84196713974,4123795.73242369,2.356784741226487
302497.80659093993,4123795.767758153,2.3580481442355725
302497.7711701253,4123795.8030478945,2.3591503831596286
302497.7357104356,4123795.8382985713,2.3600545949418046
302497.7002188878,4123795.873517169,2.3608487435220913
302497.6646993825,4123795.9087075703,2.361540255188016
302497.6291555507,4123795.9438734013,2.3621358736355758
302497.5935907789,4123795.9790180563,2.362641638030374
302497.5580082361,4123796.01414472,2.3630627856043027
302497.52241090214,4123796.049256396,2.3634037208915144
302497.4868015994,4123796.0843559336,2.3636989584802377
302497.4511819354,4123796.1194449565,2.363871679103557
302497.4155562113,4123796.1545278267,2.3639860149227254
302497.37992647634,4123796.1896066233,2.3640509337190703
302497.344294464,4123796.224683107,2.364076765960003
302497.3086615457,4123796.25975867,2.3640756579024496
302497.27302866615,4123796.2948342725,2.364061950684555
302497.23739626736,4123796.3299103635,2.3640576494462744
302497.2017640195,4123796.364986608,2.3641097913322113
302497.16612994275,4123796.400060994,2.3642543991806226
302497.1304907945,4123796.435130227,2.364539812206133
302497.09484163893,4123796.470189286,2.3650003571507816
302497.05917634256,4123796.5052319216,2.3656627920039246
302497.0234878416,4123796.5402509226,2.366548057073951
302496.98776835133,4123796.575238318,2.3679560007534435
302496.95199963497,4123796.6101753893,2.369546194905993
302496.9161754153,4123796.645055529,2.3713638741968586
302496.8802878672,4123796.6798704816,2.373459013173916
302496.84432746883,4123796.7146101557,2.3758323620357316
302496.80828472617,4123796.749264382,2.3784822351167563
302496.77215026313,4123796.7838229947,2.3818051841052954
302496.7359011427,4123796.8182613635,2.3854860612585225
302496.6995255314,4123796.8525660457,2.3890244266527705
302496.66302881244,4123796.8867417593,2.3927616330637433
302496.6264046563,4123796.9207808115,2.396698736981488
302496.58964676847,4123796.9546754076,2.400842707566318
302496.55274869595,4123796.9884174285,2.405557506753302
302496.51569188596,4123797.0219851634,2.410991712772145
302496.4784532457,4123797.0553509975,2.4159858768641986
302496.4410485337,4123797.0885303537,2.4212542382271964
302496.40346960694,4123797.121512131,2.426801302287848
302496.3657083243,4123797.154284934,2.4326344081730347
302496.3277564694,4123797.186836957,2.438767373631208
302496.28960555594,4123797.2191557246,2.446344167533779
302496.25121082854,4123797.251184538,2.453539782078484
302496.2125867861,4123797.2829361227,2.460839118011149
302496.1737321696,4123797.3144048043,2.46851968375758
302496.13463710784,4123797.3455740525,2.476578852477668
302496.0952921421,4123797.376427201,2.484995037977474
302496.05568882363,4123797.4069481906,2.493719383345672
302496.0158205373,4123797.4371226635,2.5032779539733125
302495.97566548357,4123797.4669148047,2.513015435723897
302495.93522235844,4123797.4963144427,2.5217129651416563
302495.8945252694,4123797.52536107,2.530189252780958
302495.85358353576,4123797.554061629,2.5384080659945285
302495.81240731414,4123797.582424722,2.546349452852667
302495.7710070998,4123797.610459963,2.554004823458989
302495.72939338814,4123797.6381775127,2.5613714692848824
302495.6875765051,4123797.6655878364,2.5684466114349833
302495.64556660975,4123797.692701699,2.575640007234225
302495.603362702,4123797.7195127076,2.58234202347713
302495.56098011514,4123797.7460402274,2.5882315423637703
302495.5184420971,4123797.772317634,2.5936719074588814
302495.4757617725,4123797.798363217,2.5986448532924094
302495.43295244547,4123797.8241962367,2.6031447469825504
302495.39002728305,4123797.849836372,2.6071755532941023
302495.3469990906,4123797.875303293,2.610748127375535
302495.30388016225,4123797.9006163473,2.6138781927876207
302495.2606821897,4123797.9257943267,2.6165848435687775
302495.21741620946,4123797.9508553026,2.6188895309200952
302495.1740925742,4123797.9758165046,2.620815592112907
302495.13072093535,4123798.0006942204,2.6224443820754657
302495.08730883175,4123798.025501261,2.6236888296641085
302495.0438658923,4123798.0502542574,2.6246084601945223
302495.00040020794,4123798.0749672917,2.625294902681259
302494.9569175695,4123798.0996504836,2.625804698972718
302494.9134223527,4123798.1243115054,2.6261821284531606
302494.8699178306,4123798.1489561093,2.626460641602931
302494.8264064462,4123798.173588596,2.6266654353402994
302494.78289001813,4123798.198212171,2.626815456060572
302494.73936989636,4123798.2228292176,2.6269249250317577
302494.6958470799,4123798.2474415,2.627004462880911
302494.6523223059,4123798.2720503206,2.6270619767793715
302494.6087961167,4123798.296656638,2.6271033147507943
302494.56526891043,4123798.321261156,2.6271328335200126
302494.52174097765,4123798.345864389,2.627153767637819
302494.47821252997,4123798.370466711,2.6271684643857154
302494.4346837209,4123798.395068393,2.627178642033042
302494.3911546611,4123798.4196696323,2.6271855823538393
302494.34762543073,4123798.4442705694,2.627190202492602
302494.3040960868,4123798.468871305,2.627193158559675
302494.2605666699,4123798.4934719126,2.6271949953174656
302494.2170372081,4123798.51807244,2.6271960020441196
302494.1735077214,4123798.5426729233,2.6271964618063453
302494.1299782234,4123798.5672733868,2.6271965588348682
302494.086448723,4123798.591873846,2.6271964202099554
302494.04291922593,4123798.6164743113,2.627196108898966
302493.9993897366,4123798.64107479,2.6271957028505506
302493.95586025727,4123798.6656752867,2.627195264459295
302493.9123307887,4123798.6902758023,2.6271948243497123
302493.86880133103,4123798.714876337,2.627194376704912
302493.82527188427,4123798.7394768912,2.627193968365392
302493.7817424477,4123798.764077463,2.627193552490659
302493.73821302125,4123798.7886780533,2.6271931683859933
302493.6946836042,4123798.81327866,2.627192824732155
302493.65115419566,4123798.837879282,2.6271925041676187
302493.607624795,4123798.8624799177,2.6271922257722427
302493.5640954012,4123798.8870805656,2.627191967602278
302493.5205660139,4123798.9116812246,2.627191704188228
302493.4770366327,4123798.9362818953,2.6271915066944946
302493.4335072568,4123798.9608825743,2.627191306820575
302493.3899778855,4123798.985483262,2.6271911243081694
302493.3464485188,4123799.010083958,2.6271909625939527
302493.30291915615,4123799.034684661,2.627190815861069
302493.2593897969,4123799.05928537,2.6271907067151044
302493.21586044045,4123799.083886084,2.627190588888385
302493.17233108694,4123799.1084868032,2.627190491287074
302493.12880173593,4123799.1330875265,2.6271903976952244
302493.085272387,4123799.157688254,2.6271903226104434
302493.04174303997,4123799.182288985,2.6271902573519754
302492.9982136946,4123799.2068897183,2.627190202492602
302492.9546843507,4123799.231490454,2.6271901296989424
302492.9111550084,4123799.2560911933,2.6271900655860354
302492.8676256677,4123799.280691935,2.627190022271317
302492.8240963281,4123799.305292679,2.6271899893556925
302492.7805669894,4123799.329893424,2.6271899466137545
302492.7370376517,4123799.354494171,2.6271898963366267
302492.693508315,4123799.3790949206,2.6271898594115357
302492.6499789796,4123799.4036956714,2.6271898102799702
302492.60644964507,4123799.4282964244,2.6271898074160656
302492.5629203108,4123799.4528971775,2.6271897646741276
302492.5193909776,4123799.4774979325,2.627189734049627
302492.47586164507,4123799.502098689,2.6271897213594086
302492.432332313,4123799.5266994457,2.627189702279564
302492.3888029812,4123799.5513002034,2.627189701134002
302492.3452736495,4123799.575900961,2.627189679763033
302492.30174431833,4123799.60050172,2.62718966993672
302492.25821498735,4123799.625102479,2.627189658964845
302492.21468565665,4123799.6497032386,2.6271896578192826
302492.1711563261,4123799.6743039982,2.6271896572465017
302492.12762699556,4123799.698904758,2.627189637593876
302492.0840976654,4123799.7235055184,2.627189627194782
302492.04056833545,4123799.7481062794,2.6271896145045637
302491.997039006,4123799.772707041,2.627189583307282
302491.9535096772,4123799.7973078038,2.6271895855984067
302491.9099803482,4123799.8219085666,2.6271895925608137
302491.8664510193,4123799.846509329,2.6271895948519384
302491.8229216902,4123799.8711100915,2.627189594279157
302491.7793923611,4123799.895710854,2.627189593706376
302491.7358630321,4123799.9203116163,2.6271895954247193
302491.69233370293,4123799.9449123787,2.627189594279157
302491.64880437386,4123799.969513141,2.6271896058238133
302491.60527504445,4123799.994113903,2.6271896058238133
