302471.99550943205,4123810.985290139,2.5654857240688433
302471.95357994194,4123811.012528308,2.5653727288733372
302471.9116535299,4123811.039771215,2.565152799776996
302471.86973311054,4123811.067023342,2.5648229669532374
302471.82782168244,4123811.094289294,2.564378871803645
302471.7859223676,4123811.1215738556,2.5638147936664812
302471.744038451,4123811.148882047,2.5631235506975605
302471.7021734223,4123811.1762191826,2.5622966046338775
302471.66033101577,4123811.203590928,2.5613240330368687
302471.6185152517,4123811.2310033543,2.560194594331434
302471.5767304775,4123811.2584629897,2.5588957304819098
302471.534981407,4123811.2859768732,2.557413827324398
302471.49327315716,4123811.3135525933,2.5557343802032104
302471.45161127934,4123811.3411983205,2.5538423573375293
302471.41000178206,4123811.3689228236,2.551722704181318
302471.3684511412,4123811.396735464,2.549361044941096
302471.3269662922,4123811.424646161,2.546570930586514
302471.285559476,4123811.4526724983,2.5435941363900474
302471.2442362826,4123811.4808219634,2.540392667157282
302471.2030034374,4123811.5091035673,2.53692780530405
302471.16186885117,4123811.5375278536,2.5332198120303726
302471.12083996553,4123811.5661044563,2.529307773454387
302471.0799232054,4123811.594841333,2.5252566974738597
302471.03912320844,4123811.6237437217,2.5211670364477787
302470.99844175467,4123811.6528127254,2.5171274645319848
302470.957878051,4123811.6820458327,2.513188476032739
302470.9174297964,4123811.711438503,2.509373671368709
302470.87709394435,4123811.7409852752,2.505688085406633
302470.8368672423,4123811.770680523,2.5021238963893113
302470.7967466118,4123811.8005189747,2.4985248340240633
302470.756733617,4123811.83050164,2.494955889861537
302470.716827893,4123811.8606269113,2.4916361681877572
302470.6770224163,4123811.8908844767,2.488336846988331
302470.63731700083,4123811.9212731966,2.4850304420992657
302470.59771229175,4123811.951793023,2.481690753175082
302470.5582097385,4123811.9824449397,2.4782941882866933
302470.51881152956,4123812.013230848,2.4748211129621587
302470.4795204811,4123812.0441534026,2.471257677615168
302470.44033986784,4123812.075215775,2.4675982571230213
302470.4012731755,4123812.1064213268,2.4638485758403306
302470.3623237481,4123812.1377731627,2.4600298962221965
302470.32349429844,4123812.1692735283,2.4558627588554285
302470.2847964456,4123812.2009354327,2.45195371261922
302470.24622268084,4123812.232748346,2.4481265146025706
302470.2077709771,4123812.264708635,2.4442904950406565
302470.1694421748,4123812.2968161744,2.4404236594506488
302470.13123782695,4123812.329071673,2.4364977142826882
302470.0931604161,4123812.361476903,2.432479525728047
302470.0552135276,4123812.3940348686,2.4283323227404714
302470.01740198984,4123812.426749927,2.4240166034677135
302469.9797319867,4123812.4596278695,2.4194910798215497
302469.942211143,4123812.492675965,2.4147136619548504
302469.9048485826,4123812.5259029614,2.4095971794191513
302469.86765647266,4123812.5593207255,2.4036733384013256
302469.8306629808,4123812.5929582175,2.3978283633938524
302469.7938667899,4123812.6268113046,2.3915889095869622
302469.75728260237,4123812.66089326,2.3849513831586897
302469.72092550265,4123812.6952172313,2.3779373842933564
302469.6848101011,4123812.7297953097,2.3706058276729673
302469.6489492215,4123812.7646371974,2.3630698099746903
302469.6133519435,4123812.799748325,2.355519876720938
302469.57802074467,4123812.8351272256,2.3481544141975856
302469.5429510408,4123812.870765439,2.341101743963289
302469.5081334979,4123812.906650154,2.334438419503753
302469.47355578287,4123812.9427661286,2.328203242744114
302469.4392038769,4123812.979097052,2.3224080175465858
302469.405063049,4123813.015626488,2.3169645205806138
302469.3711215454,4123813.0523412577,2.3117736380994276
302469.3373710872,4123813.089231711,2.3072633046162014
302469.3037873831,4123813.1262739887,2.3030917088709177
302469.2703585084,4123813.163456028,2.2992221655953586
302469.2370737666,4123813.2007671366,2.2956170769207143
302469.20392375183,4123813.238197996,2.2922389190524877
302469.1709003721,4123813.2757406286,2.289050955754205
302469.13799684215,4123813.3133883504,2.286017800490684
302469.1052076515,4123813.351135704,2.283105914304459
302469.0725285126,4123813.38897838,2.2802840045072
302469.0399562887,4123813.4269131264,2.277523673334633
302469.0074888976,4123813.4649376427,2.274800080623073
302468.9751251859,4123813.5030504507,2.272092972616448
302468.9428647632,4123813.541250737,2.269388061565975
302468.9107077807,4123813.579538152,2.2666789387912454
302468.8786546343,4123813.6179125523,2.2639512921789287
302468.84670627106,4123813.6563742487,2.2610907988381648
302468.81486805866,4123813.6949271746,2.258432380781933
302468.78313245636,4123813.733564594,2.2557936115817183
302468.7514989263,4123813.772285613,2.253160307235363
302468.7199674755,4123813.8110897923,2.2505133813486955
302468.6885388517,4123813.8499772907,2.2478302971283424
302468.65721468383,4123813.888948969,2.245086074717586
302468.6259975846,4123813.9280064562,2.2422541991588987
302468.59489122016,4123813.967152185,2.2393073086464907
302468.56390035216,4123814.006389406,2.2362179025598157
302468.5330308534,4123814.045722181,2.232959179249797
302468.5022896931,4123814.085155342,2.2295058255835447
302468.4716848895,4123814.124694431,2.225835181314282
302468.4412254169,4123814.164345605,2.221928687326427
302468.41092105675,4123814.204115487,2.2175803088539134
302468.3807899037,4123814.2440167856,2.2129033479897178
302468.35084570985,4123814.2840585513,2.2081862369869834
302468.3210907604,4123814.32424108,2.203259607732288
302468.29153416626,4123814.36456967,2.1981824802305514
302468.26218273136,4123814.405047767,2.1930480731211985
302468.2330395286,4123814.4456760106,2.18799443068906
302468.20410201524,4123814.4864510177,2.1831365198637793
302468.1753629085,4123814.527366141,2.178541004391593
302468.14681210753,4123814.568412936,2.174241412812711
302468.1184380279,4123814.609582146,2.170248962157027
302468.09022851434,4123814.650864348,2.166455845027292
302468.0621757738,4123814.6922532804,2.1627986880178547
302468.0342745915,4123814.7337445216,2.159737265319326
302468.0065005761,4123814.7753209644,2.1569148936639717
302467.97884402104,4123814.8169756215,2.154306348675609
302467.9512962187,4123814.858702279,2.151886335657262
302467.923849474,4123814.9004954835,2.1496297743798407
302467.8964971042,4123814.9423505226,2.147512046914866
302467.8692334293,4123814.9842633987,2.145509010875736
302467.84205375746,4123815.026230808,2.143597150234972
302467.8149543667,4123815.068250111,2.141753632717865
302467.7879324805,4123815.110319308,2.1398442094803634
302467.7609909697,4123815.1524400273,2.1380087325292716
302467.7341268188,4123815.1946101217,2.136238413397138
302467.70733736776,4123815.2368277027,2.13444205086661
302467.6806238013,4123815.279093334,2.1325977298419265
302467.6539882342,4123815.3214081577,2.1306828778864517
302467.6274337447,4123815.3637739033,2.1286741455507854
302467.60096441256,4123815.4061929006,2.1265474044900636
302467.57458535646,4123815.448668092,2.1242777719154935
302467.54830277286,4123815.491203042,2.1218397431593723
302467.52212396933,4123815.5338019426,2.119207498529941
302467.4960573859,4123815.5764696063,2.116355417162743
302467.4701125971,4123815.619211445,2.1132586997668366
302467.44430028467,4123815.6620334345,2.109837466633866
302467.418634618,4123815.704943498,2.1059371688678183
302467.3931365111,4123815.747953334,2.101945026274513
302467.3678103234,4123815.791064593,2.097657211608351
302467.34266923845,4123815.8342840197,2.093094432453769
302467.3177256331,4123815.877617678,2.0883036603354084
302467.2929899312,4123815.9210703094,2.0833697351724365
302467.268468933,4123815.964644435,2.0784312997749166
302467.2441634241,4123816.008339118,2.0736055807752845
302467.2200690519,4123816.052150591,2.0689638378229254
302467.1961782922,4123816.0960734454,2.06454408386814
302467.1724818833,4123816.1401014808,2.0603605963912583
302467.1489698613,4123816.1842282843,2.0564108815325683
302467.12563230016,4123816.2284476287,2.0526807765905954
302467.10245983425,4123816.272753735,2.0491481357487977
302467.0794440212,4123816.317141442,2.0457854568504295
302467.0565775917,4123816.3616063083,2.0425616931858808
302467.0338546177,4123816.4061446735,2.0393029171379147
302467.0112769025,4123816.4507568553,2.0362070403874375
302466.98883741384,4123816.4954387117,2.0331935505015837
302466.9665326811,4123816.5401879745,2.030171709434482
302466.94436328,4123816.585004424,2.027105637177771
302466.9223313983,4123816.6298886263,2.0239597293063323
302466.9004408318,4123816.6748419064,2.0206991344649494
302466.87869696075,4123816.7198663135,2.0172904613319393
302466.8571066945,4123816.7649645656,2.0137027979604794
302466.8356783698,4123816.810139974,2.0099092518125388
302466.81442157936,4123816.855396335,2.0058892856692996
302466.79334689444,4123816.9007377704,2.0016320522063067
302466.77246543305,4123816.9461685056,1.9971412208175774
302466.75178820523,4123816.9916925533,1.9924418493740008
302466.73132513824,4123817.0373132704,1.9875900038612602
302466.71108365076,4123817.0830327454,1.982686209014082
302466.69106659514,4123817.1288509523,1.9778718781708438
302466.67127034365,4123817.174765022,1.9732339667159733
302466.65168723866,4123817.220770437,1.9688205947606963
302466.63230735273,4123817.2668618546,1.9645646986675223
302466.61312379735,4123817.3130353447,1.9605516202329276
302466.5941256971,4123817.35928544,1.9568877545853647
302466.57529718376,4123817.405604817,1.9534324065722257
302466.5566288357,4123817.4519889676,1.950158165023946
302466.53811246273,4123817.498433988,1.9470340478269215
302466.5197412811,4123817.5449366253,1.9440267762265269
302466.5015100294,4123817.5914942967,1.941101552953738
302466.48341504793,4123817.638105097,1.9382226156089133
302466.46545433166,4123817.6847677967,1.935353498080013
302466.44762757083,4123817.731481833,1.932457216278637
302466.4299361829,4123817.778247301,1.929496368443604
302466.4123833392,4123817.825064942,1.92643325978039
302466.3949739869,4123817.8719361243,1.9232300284215633
302466.37771486485,4123817.918862827,1.919848932139577
302466.360614507,4123817.9658476105,1.9162528216548915
302466.3436832239,4123818.012893579,1.9124059234206248
302466.32693304814,4123818.060004328,1.9082750322103708
302466.31037762505,4123818.1071838653,1.9038312037552203
302466.2940320214,4123818.154436509,1.8990523658445728
302466.2779124128,4123818.2017667363,1.893926822210151
302466.2620356012,4123818.2491789837,1.888458172823045
302466.2464182955,4123818.2966773803,1.882481927275183
302466.2310851226,4123818.344268281,1.8762719735518427
302466.2160477897,4123818.3919534534,1.8700711840114563
302466.20130644506,4123818.439730902,1.8639297529254302
302466.18685881095,4123818.487597941,1.8579569014611808
302466.17269734386,4123818.535550391,1.852210047836955
302466.1588116894,4123818.5835834164,1.8467103821452813
302466.1451904108,4123818.631692076,1.8414540761702138
302466.1318221926,4123818.67987167,1.836420175120518
302466.1186966725,4123818.728117953,1.8315761227729321
302466.1058050108,4123818.7764272587,1.826881597543104
302466.093140277,4123818.824796562,1.8222911061019196
302466.08069771226,4123818.8732235027,1.8177557385909286
302466.068474906,4123818.9217063873,1.813224337437868
302466.05647191685,4123818.9702441725,1.8086443336014857
302466.04469135264,4123819.0188364363,1.8039623494451595
302466.03313842043,4123819.0674833427,1.7991247596790334
302466.02182095015,4123819.1161855944,1.7940783742255204
302466.01074938464,4123819.164944376,1.788520520189155
302465.9999489793,4123819.2137639546,1.7827328766030932
302465.9894313113,4123819.2626451883,1.776702940895518
302465.9792085958,4123819.3115888946,1.7702774046812337
302465.9693005924,4123819.360597209,1.7634371102555473
302465.9597280637,4123819.409672077,1.7561839589503387
302465.95051174547,4123819.458815008,1.7485507095753943
302465.94167082524,4123819.508026785,1.7406145762833154
302465.93322073994,4123819.55730712,1.7325159353149335
302465.92517003487,4123819.606654249,1.7244837985608008
302465.917515944,4123819.656064477,1.7167424004298577
302465.9102445742,4123819.705532536,1.709431104972034
302465.90333506075,4123819.7550525097,1.7026291845535042
302465.89676252526,4123819.8046184126,1.696374047598199
302465.8905001489,4123819.8542245287,1.6906745782142272
302465.8845205939,4123819.9038655916,1.6855207870407976
302465.8787969512,4123819.953536862,1.6808907552937926
302465.8733033445,4123820.003234138,1.6765997108786188
302465.8680230398,4123820.0529545397,1.6728879587579262
302465.8629273223,4123820.102694184,1.6696976973559525
302465.8579903141,4123820.15244982,1.6668957286854773
302465.8531927392,4123820.2022190904,1.664450700882636
302465.84851686563,4123820.2519999435,1.6623332660747303
302465.8439464098,4123820.30179059,1.660516259480947
302465.83946643095,4123820.351589464,1.658974648893041
302465.8350632274,4123820.4013951905,1.6576853466125892
302465.83072424174,4123820.451206557,1.6566268157941024
302465.82643798506,4123820.501022492,1.65577853844735
302465.82219398743,4123820.5508420477,1.6551202547495967
302465.817982786,4123820.600664388,1.654630987015051
302465.8137959614,4123820.650488784,1.6542877046928997
302465.80962624087,4123820.7003146145,1.6540635493999911
302465.8054676891,4123820.750141379,1.6539255103262596
302465.8013160155,4123820.7999687167,1.6538312635263872
302465.7971690379,4123820.8497964456,1.6537132552907436
302465.79302794044,4123820.899624664,1.6534891549048458
302465.78889800963,4123820.9494538084,1.6530999444730607
302465.78478747315,4123820.9992845566,1.6524982945661446
302465.7807069182,4123821.0491177673,1.6516457212458646
302465.7766688514,4123821.098954437,1.6505081436957607
302465.7726874806,4123821.148795663,1.649053577109302
302465.76877861196,4123821.1986426204,1.6472504108068242
302465.76495963277,4123821.248496535,1.6450661216901048
302465.76124955894,4123821.298358659,1.642466354824529
302465.75766912865,4123821.3482302423,1.639414321837246
302465.75424092583,4123821.398112502,1.6358704911349493
302465.7509895198,4123821.4480065764,1.6317926142935535
302465.7479416034,4123821.497913474,1.6271361246667322
302465.745126111,4123821.5478340085,1.6218550185637999
302465.7425742926,4123821.59776871,1.615903352352119
302465.7403197116,4123821.6477177287,1.6092375714207117
302465.7383981258,4123821.6976807103,1.6017762152881827
302465.73684937914,4123821.7476567184,1.5930453522820567
302465.73573701986,4123821.797644334,1.5839534884895392
302465.7350791826,4123821.8476398657,1.5741032382403695
302465.7349138383,4123821.897639291,1.563570870573632
302465.7352751045,4123821.9476375054,1.552500322716925
302465.7361898417,4123821.9976284816,1.541130646349523
302465.7376728847,4123822.0476056915,1.5298326087104464
302465.7397204636,4123822.0975629105,1.518897273913791
302465.74231420946,4123822.1474947794,1.5084978591697995
302465.74542707286,4123822.197397054,1.4987247933953072
302465.7490274858,4123822.247266631,1.489611373691194
302465.75308223494,4123822.297101444,1.4811522886679152
302465.75755840144,4123822.346900292,1.4733168524665152
302465.7624246329,4123822.3966626483,1.4660583115698436
302465.76765194535,4123822.4463884695,1.459320297363489
302465.7732141994,4123822.4960780255,1.4530412265526287
302465.7790883549,4123822.5457317517,1.4468404296886963
302465.7852702904,4123822.595348117,1.4412154909165202
302465.79173120984,4123822.64492888,1.4359575801532767
302465.7984527243,4123822.694474945,1.430891355687757
302465.8054251588,4123822.7439862923,1.425959026617015
302465.81264171086,4123822.793462627,1.42110629643726
302465.8200982701,4123822.842903345,1.4162832260604203
302465.827793196,4123822.8923075134,1.4114455146139508
302465.835727033,4123822.941673871,1.406556422719571
302465.84390213026,4123822.9910008465,1.4015896575977942
302465.8523221214,4123823.040286611,1.396533586005533
302465.86099119775,4123823.0895291823,1.3913973673073314
302465.8699130824,4123823.1387265953,1.386219708091629
302465.8790895789,4123823.1878771824,1.381081197913869
302465.8885185211,4123823.2369800042,1.3761096763129173
302465.89819146896,4123823.2860353813,1.3713849761028025
302465.90809608676,4123823.335044543,1.3667528146529953
302465.91822761716,4123823.3840073054,1.3626271213763832
302465.92856106174,4123823.432927831,1.358864980227506
302465.9390784755,4123823.48180912,1.3554045513073776
302465.94976497465,4123823.5306537147,1.3522288106645035
302465.9606065369,4123823.579464123,1.3493163428496158
302465.9715902121,4123823.6282427507,1.346643089666385
302465.9827042461,4123823.6769918445,1.3441836288902913
302465.9939381439,4123823.7257134607,1.3419120171232597
302466.0052826901,4123823.774409436,1.339802353651889
302466.016729944,4123823.8230813737,1.337829144866804
302466.0282732162,4123823.871730632,1.3359674794536975
302466.0399070377,4123823.9203583193,1.3341931331610837
302466.0516271239,4123823.9689652906,1.3324825648912222
302466.06343033887,4123824.0175521444,1.3308129166065186
302466.0753146608,4123824.066119225,1.3291619378640591
302466.0872791501,4123824.1146666207,1.327507991240417
302466.0993239183,4123824.1631941632,1.3258300599047834
302466.1114500957,4123824.2117014285,1.324107848493967
302466.1236597955,4123824.2601877404,1.3223219655978644
302466.13595606736,4123824.308652173,1.3204543319671846
302466.14834283263,4123824.35709356,1.3184025367980583
302466.1608289636,4123824.4055094304,1.3162992780270395
302466.17341689696,4123824.453898928,1.3140897654283943
302466.1861117152,4123824.502260489,1.3117587107017634
302466.1989192305,4123824.550592319,1.3093155651426924
302466.21184478735,4123824.598892708,1.3067845868569279
302466.2248925482,4123824.6471602214,1.3042112655302573
302466.2380644722,4123824.695393994,1.3016712331283244
302466.2513588685,4123824.7435941524,1.2992226001466296
302466.2647712495,4123824.791761614,1.2968992923416562
302466.2782955028,4123824.839897787,1.2947182706738287
302466.2919247108,4123824.8880043523,1.292684762787054
302466.30565171683,4123824.9360831073,1.2907959898823347
302466.3194695093,4123824.984135853,1.289043850585645
302466.3333714766,4123825.032164318,1.287416792988414
302466.34735157155,4123825.0801701033,1.2859011166385135
302466.3614044123,4123825.1281546466,1.2844818636667463
302466.37552534183,4123825.1761191995,1.2831433922676712
302466.3897104585,4123825.224064811,1.2818697442674791
302466.40395663003,4123825.271992319,1.2806448753332167
302466.41826149606,4123825.319902342,1.279452732865368
302466.43262346805,4123825.3677952792,1.278277294857853
302466.44704172557,4123825.415671303,1.2771025755714829
302466.46151621453,4123825.463530358,1.2758602152282388
302466.4760501506,4123825.5113713937,1.2746274141816134
302466.49064305355,4123825.559194474,1.2733505456344758
302466.50529700785,4123825.6069988804,1.2720070106588026
302466.52001517516,4123825.6547835534,1.2705803800391773
302466.5348014978,4123825.702547178,1.2690543346216365
302466.54966069176,4123825.7502881796,1.2674129486683097
302466.5645982258,4123825.798004723,1.265641167677282
302466.5796202785,4123825.845694722,1.2637255319607934
302466.59473365854,4123825.8933558515,1.2616552810474608
302466.60994567495,4123825.940985585,1.2594238769950727
302466.6252639328,4123825.9885812504,1.2570312800188839
302466.6406960221,4123826.0361401234,1.2544870595271422
302466.65624906006,4123826.0836595753,1.2518147305776117
302466.67192902917,4123826.1311372924,1.2490577648595194
302466.68773983314,4123826.1785716005,1.2462878506525545
302466.7036819671,4123826.2259619376,1.2435896551714982
302466.71975191386,4123826.273309095,1.2410147809580578
302466.735943723,4123826.3206147254,1.2385917000981386
302466.7522501127,4123826.367880991,1.2363329150064284
302466.7686632274,4123826.4151103105,1.2342401153868794
302466.7851751496,4123826.462305183,1.232291252436054
302466.8017790183,4123826.509467791,1.230437246763367
302466.81847029773,4123826.5565995327,1.2288055973660108
302466.8352384564,4123826.6037039747,1.2272935094695672
302466.85207782104,4123826.6507830056,1.2258852062580807
302466.86898347014,4123826.697838274,1.224564615883485
302466.88595124515,4123826.7448711754,1.2233156278157802
302466.9029777502,4123826.791882847,1.2221222646172387
302466.9200603451,4123826.8388741664,1.2209686555791128
302466.9371971382,4123826.885845748,1.21983903652772
302466.95438698045,4123826.9327979414,1.2187176574694714
302466.9716294629,4123826.9797308287,1.2175887000049264
302466.9889249196,4123827.02664422,1.216436119781468
302467.0062744361,4123827.0735376454,1.2152435355649032
302467.0236798645,4123827.1204103464,1.213994062743403
302467.0411438453,4123827.167261263,1.2126701710969077
302467.0586698363,4123827.214089018,1.2112535941425224
302467.0762621449,4123827.260891899,1.2097251738540764
302467.0939259675,4123827.3076678375,1.208064839382304
302467.1116674299,4123827.354414385,1.2062515856067848
302467.1294936277,4123827.401128689,1.2042505935900105
302467.1474132664,4123827.447807234,1.2019476185130686
302467.1654403567,4123827.4944443856,1.199516415762725
302467.1835807752,4123827.541037565,1.1968403922771376
302467.20184580924,4123827.587582024,1.1939001310590067
302467.22024761204,4123827.634072565,1.1906803196584013
302467.2387990043,4123827.6805036007,1.187172598094359
302467.2575131422,4123827.7268692604,1.1833797535456658
302467.27640299516,4123827.7731635883,1.1793216366538932
302467.29548055225,4123827.8193808594,1.175043630486791
302467.31475564535,4123827.865516078,1.1706285333953403
302467.33423423744,4123827.911565737,1.1662131815053605
302467.3539159657,4123827.957528945,1.1619267646759752
302467.3737945344,4123828.0034073773,1.1578495285145536
302467.39386000094,4123828.0492043933,1.1540269428145509
302467.41410039034,4123828.0949243885,1.1504801715369697
302467.4345028173,4123828.1405723235,1.147213615029257
302467.4550542528,4123828.186153383,1.1442204033928873
302467.4757420352,4123828.2316727354,1.1414863346505142
302467.49655419757,4123828.2771353656,1.138992652969594
302467.5174796682,4123828.322545964,1.136718009339122
302467.53850838036,4123828.3679088526,1.1346397853829047
302467.5596313233,4123828.4132279456,1.1327350114579993
302467.5808405526,4123828.458506726,1.130980862848693
302467.60212917614,4123828.5037482358,1.1293550484305896
302467.62349132687,4123828.5489550764,1.127800204205784
302467.6449237417,4123828.5941286483,1.12635443099226
302467.6664214442,4123828.6392711853,1.1249901708151953
302467.68798071233,4123828.6843843507,1.1236696698110655
302467.709599533,4123828.7294690064,1.1223739705196607
302467.7312767513,4123828.774525612,1.121084432558203
302467.7530120532,4123828.8195542255,1.119782718390274
302467.7748059506,4123828.8645545067,1.1184506482342211
302467.79665977176,4123828.909525716,1.117070201696455
302467.8185756516,4123828.954466713,1.1156235896866824
302467.84055651986,4123828.9993759575,1.11409339749265
302467.8626060813,4123829.0442515127,1.1124629539301996
302467.88472877914,4123829.089091055,1.1107169540999018
302467.90692973166,4123829.1338919,1.1088424150502474
302467.9292146244,4123829.1786510465,1.1068301679075558
302467.95158953645,4123829.2233652556,1.1046771614021331
302467.9740606649,4123829.2680311846,1.1023897368970037
302467.9966339024,4123829.312645592,1.099988542256727
302468.01931420114,4123829.3572056647,1.0975155162314478
302468.0421046283,4123829.401709512,1.0950438647052902
302468.06500498456,4123829.446156895,1.0926507450512402
302468.08801164484,4123829.4905493506,1.0903840988971245
302468.11111887003,4123829.5348895486,1.0882712936603984
302468.13431972795,4123829.5791808306,1.0863253637322055
302468.1576067316,4123829.6234268853,1.0845495874632518
302468.18097227166,4123829.667631522,1.0829407010664103
302468.20440890297,4123829.711798511,1.081491347813551
302468.22790952475,4123829.7559314887,1.080191659976337
302468.25146748667,4123829.8000338874,1.0790304953867247
302468.275076644,4123829.844108904,1.077996174798866
302468.2987313768,4123829.888159478,1.07707710535493
302468.3224265857,4123829.9321882944,1.0762620979666493
302468.34615767107,4123829.976197785,1.075540551120495
302468.36992050544,4123830.020190142,1.0749026239309047
302468.3937113991,4123830.0641673314,1.0743392640220428
302468.41752706433,4123830.1081311116,1.073842209791777
302468.44136457896,4123830.1520830486,1.0734040193508785
302468.46522135095,4123830.1960245366,1.0730179493084506
302468.4890950857,4123830.239956811,1.0726779943598865
302468.5129837539,4123830.2838809667,1.0723787839169667
302468.53688556387,4123830.327797973,1.0721155311434918
302468.5607989344,4123830.371708686,1.071883972941686
302468.58472247195,4123830.41561386,1.0716803629645806
302468.6086549489,4123830.4595141625,1.0715013596317584
302468.63259528356,4123830.50341018,1.071344027263705
302468.6565425242,4123830.5473024305,1.0712057644847743
302468.6804958333,4123830.5911913696,1.071084258216252
302468.70445447497,4123830.635077398,1.0709774991061154
302468.72841780185,4123830.678960868,1.0708837083977418
302468.7523852445,4123830.7228420908,1.070801309693087
302468.7763563026,4123830.766721338,1.0707289389086698
302468.80033053644,4123830.8105988507,1.0706653699965523
302468.82430755947,4123830.8544748393,1.070609533296584
302468.8482870324,4123830.898349489,1.0705604832557254
302468.8722686571,4123830.942222962,1.0705174219023375
302468.8962521712,4123830.986095403,1.070479595069328
302468.9202373449,4123831.0299669364,1.0704463797053252
302468.9442239758,4123831.0738376733,1.070417194381101
302468.96821188694,4123831.11770771,1.070391581255558
302468.9922009218,4123831.161577132,1.0703690813405558
302469.0161909438,4123831.2054460146,1.070349328848937
302469.04018183216,4123831.249314423,1.0703319802090254
302469.06417348154,4123831.2931824154,1.070316752239564
302469.0881657991,4123831.3370500426,1.0703033732488552
302469.1121587034,4123831.3809173484,1.0702916318097122
302469.136152123,4123831.424784373,1.0702813076816504
302469.1601459952,4123831.4686511494,1.0702722553184316
302469.18414026464,4123831.512517709,1.0702643064444464
302469.2081348829,4123831.5563840778,1.0702573135944289
302469.23212980776,4123831.6002502786,1.0702511806315296
302469.25612500164,4123831.6441163323,1.0702457914987529
302469.28012043185,4123831.6879822565,1.0702410592516451
302469.30411606986,4123831.7318480676,1.0702369025582954
302469.32811189,4123831.7757137786,1.070233265245559
302469.3521078698,4123831.8195794025,1.0702300673869534
302469.37610398984,4123831.8634449495,1.0702272551049155
302469.4001002332,4123831.907310429,1.0702247857565137
302469.42409658496,4123831.9511758494,1.0702226269120338
302469.4480930315,4123831.995041218,1.0702207314588363
302469.47208956105,4123832.038906541,1.070219063266309
302469.4960861638,4123832.082771824,1.0702175950112993
302469.52008283086,4123832.126637072,1.0702163052461449
302469.5440795546,4123832.1705022887,1.0702151778821694
302469.56807632785,4123832.2143674786,1.0702141910872407
302469.59207314433,4123832.2582326448,1.0702133179226587
302469.6160699991,4123832.30209779,1.0702125477907718
302469.6400668876,4123832.3459629165,1.0702118790334623
302469.66406380554,4123832.389828027,1.0702112976046179
302469.688060749,4123832.433693124,1.0702107755442336
302469.7120577153,4123832.477558208,1.070210326513916
302469.7360547013,4123832.5214232816,1.0702099334035828
302469.7600517044,4123832.5652883453,1.0702095816626132
302469.78404872323,4123832.609153401,1.070209261582346
302469.80804575596,4123832.653018449,1.0702090029131606
302469.83204279986,4123832.6968834903,1.0702087699091203
302469.85603985423,4123832.7407485265,1.0702085477549683
302469.8800369182,4123832.784613557,1.0702083665856532
302469.9040339902,4123832.8284785836,1.070208202778646
302469.9280310693,4123832.872343606,1.0702080611883045
302469.9520281546,4123832.916208625,1.0702079424513862
302469.9760252452,4123832.960073641,1.070207826778404
302470.00002234086,4123833.0039386544,1.070207745577835
302470.0240194401,4123833.047803666,1.0702076578648339
302470.0480165431,4123833.091668675,1.0702075852193214
302470.07201364945,4123833.135533683,1.0702075203597412
302470.0960107585,4123833.179398689,1.0702074640552175
302470.12000786996,4123833.2232636935,1.0702074111991928
302470.14400498394,4123833.267128697,1.0702073504248582
302470.16800210037,4123833.310993699,1.0702073163370087
302470.1919992185,4123833.3548587,1.0702072839072176
302470.21599633794,4123833.3987237005,1.0702072569685501
302470.2399934587,4123833.4425887004,1.0702072306666286
302470.2639905804,4123833.4864536994,1.0702072057705845
302470.2879877033,4123833.530318698,1.070207189045033
302470.31198482687,4123833.574183696,1.0702071661916122
302470.3359819515,4123833.6180486935,1.070207148444749
302470.3599790769,4123833.6619136906,1.0702071433381912
302470.3839762026,4123833.7057786877,1.0702071296765743
302470.4079733288,4123833.7496436844,1.0702071170362688
302470.43197045545,4123833.7935086805,1.0702071163995244
302470.4559675824,4123833.837373677,1.070207105801842
302470.4799647097,4123833.8812386733,1.0702070952041596
302470.5039618374,4123833.925103669,1.0702070931615366
302470.52795896516,4123833.9689686648,1.070207088054979
302470.55195609323,4123834.0128336605,1.0702070829484214
302470.5759532216,4123834.056698656,1.0702070764359848
302470.59995035006,4123834.1005636514,1.0702070703081157
302470.6239474789,4123834.1444286467,1.0702070723507389
302470.6479446076,4123834.188293642,1.0702070723507389
302470.6719417363,4123834.232158637,1.0702070682654927
302470.69593886525,4123834.2760236324,1.0702070672441812
302470.71993599425,4123834.3198886276,1.0702070703081157
302470.74393312307,4123834.363753623,1.0702070703081157
302470.7679302519,4123834.407618618,1.0702070652015583
302470.791927381,4123834.4514836133,1.0702070617530561
302470.81592451007,4123834.495348608,1.0702070652015583
302470.8399216392,4123834.5392136034,1.0702070641802468
302470.86391876836,4123834.5830785986,1.0702070672441812
302470.88791589736,4123834.626943594,1.0702070627743676
302470.91191302636,4123834.6708085886,1.0702070641802468
302470.93591015553,4123834.714673584,1.0702070641802468
302470.9599072847,4123834.758538579,1.0702070627743676
302470.9839044137,4123834.802403574,1.0702070672441812
302471.0079015427,4123834.846268569,1.0702070641802468
302471.0318986719,4123834.8901335644,1.0702070597104332
302471.05589580105,4123834.933998559,1.0702070631589353
302471.0798929303,4123834.9778635544,1.0702070672441812
302471.1038900593,4123835.0217285496,1.0702070672441812
302471.1278871883,4123835.065593545,1.0702070597104332
302471.15188431746,4123835.1094585396,1.0702070641802468
302471.17588144663,4123835.153323535,1.0702070597104332
302471.1998785758,4123835.1971885297,1.0702070662228698
302471.22387570486,4123835.241053525,1.0702070672441812
302471.24787283386,4123835.28491852,1.0702070641802468
302471.27186996303,4123835.3287835154,1.0702070597104332
302471.2958670922,4123835.37264851,1.0702070641802468
302471.3198642214,4123835.4165135054,1.0702070662228698
302471.34386135044,4123835.4603785006,1.070207063795679
302471.3678584794,4123835.5042434954,1.0702070641802468
302471.39185560856,4123835.5481084906,1.0702070631589353
302471.4158527378,4123835.591973486,1.0702070627743676
302471.4398498668,4123835.6358384807,1.0702070672441812
302471.4638469958,4123835.679703476,1.0702070641802468
302471.48784412496,4123835.723568471,1.0702070597104332
302471.51184125413,4123835.767433466,1.0702070641802468
302471.5358383833,4123835.811298461,1.0702070662228698
302471.55983551237,4123835.8551634564,1.0702070672441812
302471.58383264137,4123835.8990284516,1.0702070597104332
302471.60782977054,4123835.9428934464,1.0702070641802468
302471.6318268997,4123835.9867584417,1.0702070597104332
302471.6558240289,4123836.0306234364,1.0702070662228698
302471.67982115794,4123836.0744884317,1.0702070672441812
302471.70381828694,4123836.118353427,1.0702070652015583
302471.72781541606,4123836.162218422,1.0702070586891217
302471.7518125453,4123836.206083417,1.0702070641802468
302471.77580967447,4123836.249948412,1.0702070672441812
302471.79980680346,4123836.2938134074,1.0702070627743676
302471.82380393246,4123836.337678402,1.0702070641802468
302471.84780106164,4123836.3815433974,1.0702070641802468
302471.8717981908,4123836.4254083927,1.0702070597104332
302471.89579532,4123836.4692733875,1.0702070662228698
302471.91979244904,4123836.5131383827,1.0702070672441812
302471.94378957804,4123836.557003378,1.0702070597104332
302471.9677867072,4123836.6008683727,1.0702070641802468
302471.9917838364,4123836.644733368,1.0702070672441812
302472.0157809654,4123836.688598363,1.0702070662228698
302472.03977809445,4123836.7324633584,1.0702070607317447
302472.06377522356,4123836.776328353,1.0702070641802468
302472.08777235274,4123836.8201933485,1.0702070586891217
302472.11176948197,4123836.864058343,1.0702070672441812
302472.13576661097,4123836.9079233385,1.0702070672441812
302472.15976373997,4123836.9517883337,1.0702070641802468
302472.18376086914,4123836.995653329,1.0702070597104332
302472.2077579983,4123837.0395183237,1.0702070641802468
302472.2317551275,4123837.083383319,1.0702070617530561
302472.25575225655,4123837.1272483137,1.0702070672441812
302472.27974938555,4123837.171113309,1.0702070652015583
302472.30374651466,4123837.214978304,1.0702070631589353
302472.3277436439,4123837.2588432995,1.0702070597104332
302472.35174077307,4123837.3027082942,1.0702070662228698
302472.3757379021,4123837.3465732895,1.0702070672441812
302472.3997350311,4123837.3904382847,1.0702070607317447
302472.42373216024,4123837.4343032795,1.0702070641802468
302472.4477292894,4123837.4781682747,1.0702070631589353
302472.47172641865,4123837.52203327,1.0702070617530561
302472.4957235477,4123837.5658982648,1.0702070682654927
302472.51972067665,4123837.60976326,1.0702070641802468
302472.5437178058,4123837.6536282552,1.0702070586891217
302472.56771493505,4123837.69749325,1.0702070662228698
302472.5917120641,4123837.7413582453,1.0702070682654927
302472.61570919305,4123837.7852232405,1.0702070641802468
302472.6397063222,4123837.8290882357,1.0702070597104332
302472.6637034514,4123837.8729532305,1.0702070641802468
302472.6877005806,4123837.9168182258,1.0702070617530561
302472.71169770963,4123837.9606832205,1.0702070672441812
302472.73569483863,4123838.004548216,1.0702070652015583
302472.75969196775,4123838.048413211,1.0702070586891217
302472.783689097,4123838.092278206,1.0702070641802468
302472.80768622615,4123838.136143201,1.0702070662228698
302472.8316833552,4123838.1800081963,1.0702070672441812
302472.8556804842,4123838.2238731915,1.0702070607317447
302472.8796776133,4123838.2677381863,1.0702070641802468
302472.9036747425,4123838.3116031815,1.0702070586891217
302472.92767187173,4123838.3554681763,1.0702070662228698
302472.9516690008,4123838.3993331715,1.0702070672441812
302472.9756661298,4123838.443198167,1.0702070652015583
302472.9996632589,4123838.487063162,1.0702070597104332
302473.0236603881,4123838.530928157,1.0702070641802468
302473.04765751725,4123838.574793152,1.0702070652015583
302473.07165464637,4123838.6186581473,1.0702070627743676
302473.09565177537,4123838.662523142,1.0702070662228698
302473.1196489044,4123838.7063881373,1.0702070631589353
302473.14364603366,4123838.7502531325,1.0702070617530561
302473.1676431627,4123838.7941181273,1.0702070672441812
302473.1916402917,4123838.8379831226,1.0702070652015583
302473.2156374208,4123838.881848118,1.0702070597104332
302473.23963455,4123838.9257131126,1.0702070641802468
302473.2636316792,4123838.969578108,1.0702070652015583
302473.2876288083,4123839.013443103,1.0702070672441812
302473.3116259373,4123839.0573080983,1.0702070617530561
302473.33562306635,4123839.101173093,1.0702070631589353
302473.3596201956,4123839.1450380883,1.0702070597104332
302473.38361732475,4123839.188903083,1.0702070662228698
302473.4076144538,4123839.2327680783,1.0702070672441812
302473.4316115828,4123839.2766330736,1.0702070652015583
302473.4556087119,4123839.320498069,1.0702070597104332
302473.4796058411,4123839.3643630636,1.0702070631589353
302473.50360297033,4123839.408228059,1.0702070662228698
302473.5276000994,4123839.452093054,1.0702070627743676
302473.5515972284,4123839.495958049,1.0702070652015583
302473.5755943575,4123839.539823044,1.0702070641802468
302473.5995914867,4123839.5836880393,1.0702070597104332
302473.62358861585,4123839.627553034,1.0702070652015583
302473.64758574497,4123839.6714180293,1.0702070672441812
302473.67158287397,4123839.7152830246,1.0702070617530561
302473.695580003,4123839.7591480194,1.0702070631589353
302473.71957713226,4123839.8030130146,1.0702070641802468
302473.74357426143,4123839.84687801,1.0702070607317447
302473.76757139055,4123839.8907430046,1.0702070672441812
302473.79156851955,4123839.934608,1.0702070662228698
302473.8155656486,4123839.978472995,1.0702070597104332
302473.8395627778,4123840.02233799,1.0702070652015583
302473.8635599069,4123840.066202985,1.0702070672441812
302473.8875570359,4123840.1100679804,1.0702070652015583
302473.911554165,4123840.1539329756,1.0702070597104332
302473.9355512942,4123840.1977979704,1.0702070641802468
302473.95954842336,4123840.2416629656,1.0702070652015583
302473.9835455525,4123840.285527961,1.0702070627743676
302474.0075426815,4123840.3293929556,1.0702070652015583
302474.0315398106,4123840.373257951,1.0702070641802468
302474.05553693976,4123840.417122946,1.0702070597104332
302474.07953406894,4123840.460987941,1.0702070652015583
302474.10353119805,4123840.504852936,1.0702070672441812
302474.12752832705,4123840.5487179314,1.0702070617530561
302474.1515254561,4123840.592582926,1.0702070631589353
302474.17552258534,4123840.6364479214,1.0702070641802468
302474.1995197145,4123840.6803129166,1.0702070617530561
302474.2235168436,4123840.7241779114,1.0702070662228698
302474.24751397263,4123840.7680429067,1.0702070662228698
302474.2715111017,4123840.811907902,1.0702070597104332
302474.29550823086,4123840.8557728967,1.0702070641802468
302474.31950536004,4123840.899637892,1.0702070652015583
302474.34350248915,4123840.943502887,1.0702070672441812
302474.36749961815,4123840.9873678824,1.0702070607317447
302474.39149674727,4123841.031232877,1.0702070641802468
302474.41549387644,4123841.0750978724,1.0702070607317447
302474.43949100556,4123841.118962867,1.0702070672441812
302474.46348813456,4123841.1628278624,1.0702070662228698
302474.4874852636,4123841.2066928577,1.0702070641802468
302474.5114823928,4123841.250557853,1.0702070586891217
302474.535479522,4123841.2944228477,1.0702070662228698
302474.5594766511,4123841.338287843,1.0702070672441812
302474.5834737801,4123841.382152838,1.0702070607317447
302474.6074709092,4123841.426017833,1.0702070641802468
302474.63146803837,4123841.469882828,1.0702070641802468
302474.65546516754,4123841.5137478234,1.0702070607317447
302474.67946229666,4123841.557612818,1.0702070672441812
302474.70345942565,4123841.6014778134,1.0702070662228698
302474.7274565547,4123841.6453428087,1.0702070586891217
302474.75145368394,4123841.6892078035,1.0702070641802468
302474.7754508131,4123841.7330727987,1.0702070652015583
302474.79944794223,4123841.776937794,1.0702070627743676
302474.82344507123,4123841.8208027887,1.0702070662228698
302474.8474422003,4123841.864667784,1.0702070641802468
302474.87143932946,4123841.908532779,1.0702070586891217
302474.8954364587,4123841.952397774,1.0702070652015583
302474.9194335878,4123841.996262769,1.0702070672441812
302474.9434307168,4123842.0401277645,1.0702070662228698
302474.96742784587,4123842.0839927597,1.0702070597104332
302474.99142497504,4123842.1278577545,1.0702070652015583
302475.01542210416,4123842.1717227497,1.0702070672441812
302475.03941923316,4123842.215587745,1.0702070617530561
302475.0634163622,4123842.2594527397,1.0702070641802468
302475.0874134914,4123842.303317735,1.0702070631589353
302475.1114106206,4123842.34718273,1.0702070597104332
302475.1354077498,4123842.391047725,1.0702070682654927
302475.15940487874,4123842.43491272,1.0702070662228698
302475.1834020078,4123842.4787777155,1.0702070586891217
302475.207399137,4123842.5226427102,1.0702070641802468
302475.2313962662,4123842.5665077055,1.0702070652015583
302475.2553933953,4123842.6103727007,1.0702070627743676
302475.2793905243,4123842.6542376955,1.0702070662228698
302475.3033876534,4123842.6981026907,1.0702070641802468
302475.32738478255,4123842.741967686,1.0702070586891217
302475.3513819118,4123842.7858326808,1.0702070641802468
302475.37537904095,4123842.829697676,1.0702070662228698
302475.39937617,4123842.8735626712,1.0702070607317447
302475.4233732991,4123842.917427666,1.0702070631589353
302475.44737042836,4123842.9612926613,1.07020705766781
302475.47136755765,4123843.005157656,1.0702070641802468
302475.4953646868,4123843.0490226513,1.0702070641802468
302475.519361816,4123843.0928876465,1.070207055625187
302475.5433589454,4123843.1367526413,1.070207055625187
302475.5673560748,4123843.180617636,1.0702070546038756
302475.5913532043,4123843.224482631,1.0702070600950007
302475.6153503337,4123843.268347626,1.070207055625187
302475.6393474631,4123843.312212621,1.070207053582564
302475.6633445926,4123843.3560776156,1.0702070494973182
302475.68734172237,4123843.3999426104,1.0702070474546952
302475.71133885224,4123843.443807605,1.0702070484760067
302475.73533598206,4123843.4876726,1.070207045412072
302475.75933311204,4123843.5315375947,1.0702070358357008
302475.7833302423,4123843.575402589,1.0702070337930778
302475.8073273727,4123843.6192675834,1.0702070297078319
302475.83132450335,4123843.6631325777,1.0702070266438974
302475.85532163415,4123843.706997572,1.0702070160462147
302475.8793187653,4123843.750862566,1.0702070088970344
302475.90331589687,4123843.7947275597,1.0702069993206629
302475.9273130287,4123843.838592553,1.0702069921714825
302475.951310161,4123843.8824575464,1.0702069891075483
302475.9753072934,4123843.92632254,1.070206973403308
302475.9993044265,4123843.9701875327,1.0702069556564446
302476.0233015603,4123844.014052525,1.0702069399522043
302476.0472986948,4123844.057917517,1.0702069307604012
302476.0712958298,4123844.101782509,1.0702069109709151
302476.09529296565,4123844.1456475006,1.0702068932240518
302476.1192901023,4123844.1895124917,1.0702068638581936
302476.14328724006,4123844.233377482,1.0702068464959
302476.16728437884,4123844.277242472,1.070206807553669
302476.1912815191,4123844.3211074607,1.0702067755084468
302476.2152786609,4123844.364972449,1.0702067379720972
302476.2392758043,4123844.408837436,1.070206685752818
302476.26327294996,4123844.452702422,1.0702066359607332
302476.28727009794,4123844.496567407,1.0702065721224574
302476.31126724853,4123844.5404323903,1.0702065004982648
302476.33526440244,4123844.584297372,1.0702064219770577
302476.35926155956,4123844.6281623514,1.0702063432036883
302476.3832587204,4123844.6720273294,1.0702062408077495
302476.40725588554,4123844.7158923047,1.0702061316472096
302476.43125305563,4123844.7597572776,1.070205990693608
302476.4552502317,4123844.8036222467,1.07020584501803
302476.47924741433,4123844.8474872126,1.0702056730405216
302476.50324460445,4123844.8913521743,1.0702054720817313
302476.5272418035,4123844.9352171314,1.0702052570767335
302476.5512390117,4123844.979082083,1.0702050124537306
302476.5752362308,4123845.0229470287,1.0702047258245475
302476.5992334624,4123845.0668119676,1.0702044040862269
302476.6232307083,4123845.110676899,1.0702040372777915
302476.64722797024,4123845.1545418217,1.0702036076523669
302476.6712252508,4123845.1984067336,1.0702031214703134
302476.695222553,4123845.2422716343,1.0702025741292782
302476.71921987896,4123845.2861365215,1.0702019480149136
302476.74321723246,4123845.330001394,1.0702012406999963
302476.7672146171,4123845.3738662493,1.0702004224340038
302476.79121203744,4123845.417731085,1.0701995015199899
302476.8152094983,4123845.4615958985,1.0701984471861283
302476.83920700545,4123845.505460687,1.070197240279569
302476.86320456536,4123845.549325446,1.0701958556523166
302476.8872021861,4123845.593190172,1.0701942970049412
302476.9111998753,4123845.637054861,1.0701925162033312
302476.93519764254,4123845.680919507,1.0701904842662506
302476.95919549884,4123845.724784104,1.0701881828102762
302476.98319345625,4123845.7686486463,1.0701855653591366
302477.00719152845,4123845.8125131256,1.0701825735656252
302477.0311897317,4123845.8563775327,1.0701791751330525
302477.05518808425,4123845.900241859,1.0701752777450082
302477.0791866075,4123845.944106091,1.0701708443833007
302477.10318532534,4123845.9879702167,1.0701658067394353
302477.1271842643,4123846.031834222,1.0701600736512926
302477.1511834546,4123846.0756980893,1.0701535353223002
302477.1751829317,4123846.1195618,1.0701460979115833
302477.1991827351,4123846.163425332,1.0701376255714605
302477.22318291006,4123846.2072886606,1.070127969562783
302477.2471835085,4123846.2511517573,1.0701169842104428
302477.2711845888,4123846.2950145905,1.0701044681705907
302477.2951862181,4123846.3388771233,1.0700902078441028
302477.31918847293,4123846.382739314,1.0700739647362114
302477.3431914403,4123846.4266011147,1.0700554781343203
302477.36719521845,4123846.4704624717,1.0700344303858191
302477.3911999198,4123846.5143233235,1.07001045876692
302477.4152056725,4123846.5581835997,1.069983164425087
302477.43921262235,4123846.602043221,1.0699520730482182
302477.46322093584,4123846.6459020954,1.0699166782802922
302477.48723080166,4123846.68976012,1.0698763656282448
302477.51124243566,4123846.7336171772,1.0698304600667172
302477.5352560827,4123846.7774731317,1.069778212416645
302477.55927202123,4123846.8213278316,1.0697187214101271
302477.5832905685,4123846.8651811024,1.0696510044831502
302477.6073120856,4123846.909032747,1.0695738931330812
302477.6313369838,4123846.952882539,1.0694861140834258
302477.6553657311,4123846.996730222,1.0693861976653842
302477.67939885944,4123847.040575504,1.0692724742718869
302477.70343697385,4123847.0844180523,1.0691430535488597
302477.7274807621,4123847.1282574893,1.0689957746131518
302477.7515310069,4123847.172093385,1.068828194882437
302477.7755885972,4123847.2159252493,1.0686375648977804
302477.79965454276,4123847.259752527,1.0684207241528008
302477.8237299913,4123847.303574585,1.0681741487804004
302477.8478162443,4123847.347390705,1.0678938311980788
302477.87191477907,4123847.3912000717,1.0675752439996349
302477.8960272695,4123847.4350017584,1.0672133142360427
302477.92015561153,4123847.4787947154,1.066802305467152
302477.9443019507,4123847.5225777514,1.0663358179712654
302477.9684687113,4123847.5663495185,1.0658067018038266
302477.9926586289,4123847.6101084924,1.065206975285604
302478.01687478536,4123847.653852951,1.0645278393136581
302478.0411206445,4123847.6975809527,1.0637596061547978
302478.0654000894,4123847.7412903146,1.0628917012144101
302478.08971746045,4123847.784978587,1.0619127016577015
302478.11407758994,4123847.828643031,1.0608104598224903
302478.138485833,4123847.8722805968,1.0595722387349424
302478.1629480895,4123847.915887905,1.0581850639975856
302478.1874708122,4123847.9594612354,1.0566361825264898
302478.21206099394,4123848.0029965285,1.0549137831975335
302478.2367261226,4123848.0464894,1.0530080252908942
302478.2614740914,4123848.089935183,1.0509124760548707
302478.286313046,4123848.133329006,1.0486261984499214
302478.3112511428,4123848.176665921,1.0461565853159223
302478.33629618585,4123848.2199411117,1.0435231352169447
302478.36145510146,4123848.2631501914,1.040762795657012
302478.38673319033,4123848.306289655,1.0379369827163487
302478.41213308077,4123848.3493575132,1.0351413069695774
302478.4376532763,4123848.3923541945,1.0324601004074008
302478.4632886652,4123848.4352823,1.0299419006440205
302478.48903207737,4123848.47814572,1.027611266643055
302478.514875322,4123848.5209490308,1.0254769659736294
302478.5408098661,4123848.5636970922,1.0235376684954804
302478.5668272654,4123848.606394783,1.0217858306123548
302478.592919427,4123848.649046835,1.0202102416326333
302478.6190787603,4123848.6916577267,1.0187978535335813
302478.6452982525,4123848.7342316317,1.0175348749345288
302478.6715714952,4123848.7767723906,1.0164075238056522
302478.6978926806,4123848.819283505,1.0154024750656583
302478.72425657924,4123848.861768145,1.0145071473161138
302478.7506585057,4123848.904229165,1.0137057260240243
302478.77709445317,4123848.946669013,1.0129666395202672
302478.8035617602,4123848.9890893106,1.0123410616968225
302478.83005559887,4123849.031493042,1.0117825651483177
302478.8565731157,4123849.0738819703,1.0112831346441333
302478.8831117995,4123849.1162576494,1.0108355556426505
302478.9096694469,4123849.1586214458,1.0104332968447236
302478.9362441336,4123849.200974556,1.0100704202023907
302478.96283418755,4123849.2433180204,1.009741562304225
302478.9894381651,4123849.285652738,1.0094418009756394
302479.01605483174,4123849.327979479,1.0091666454748989
302479.0426831438,4123849.3702988946,1.0089119574720198
302479.06932223326,4123849.412611527,1.0086738898861107
302479.09597139544,4123849.4549178164,1.0084488166768364
302479.1226300789,4123849.497218107,1.008233302417237
302479.14929787815,4123849.539512651,1.0080240113233268
302479.1759745286,4123849.581801613,1.0078176856248893
302479.20265990373,4123849.6240850696,1.007611086309892
302479.22935401415,4123849.6663630125,1.0074009308552598
302479.256057009,4123849.7086353446,1.0071837926129543
302479.28276918206,4123849.7509018774,1.0069551255033276
302479.3094910196,4123849.793162301,1.0066997558553143
302479.33622364805,4123849.8354158993,1.0064364960790422
302479.36296739936,4123849.8776624585,1.006149156661173
302479.3897232887,4123849.9199013314,1.005832816078195
302479.41649253824,4123849.9621317377,1.005482274602674
302479.4432765896,4123850.0043527577,1.0050918967803684
302479.47007712105,4123850.0465633185,1.0046555130003862
302479.4968960697,4123850.0887621795,1.0041663533359073
302479.5237356568,4123850.1309479163,1.0036168736107864
302479.5505984199,4123850.1731188986,1.0029986791745447
302479.57748724724,4123850.2152732657,1.0023024126328306
302479.60440541833,4123850.2574089,1.0015175804085055
302479.63135665,4123850.2995233946,1.0006324709455954
302479.65834514645,4123850.341614017,0.9996339683071462
302479.68537565606,4123850.3836776684,0.9985074321373938
302479.7124535341,4123850.4257108415,0.997236487385359
302479.7395848114,4123850.467709565,0.9958029217523836
302479.766776268,4123850.50966935,0.9941864961198886
302479.79403551336,4123850.551585126,0.9923648498595626
302479.8213710695,4123850.593451177,0.9903132905211737
302479.84879246005,4123850.6352610607,0.9880048330434483
302479.8763102966,4123850.6770075364,0.9853403152411296
302479.9039392718,4123850.7186805457,0.9823255994667307
302479.9316937507,4123850.760270068,0.9790203169578353
302479.95958553505,4123850.801767615,0.9753230218088249
302479.98763054603,4123850.8431617385,0.9711985517398813
302480.0158460317,4123850.884439817,0.9666132605369984
302480.0442504729,4123850.9255880583,0.961537361695598
302480.0728633876,4123850.9665915575,0.9559484658445374
302480.1017049897,4123851.0074344617,0.9498365312714924
302480.1307956477,4123851.04810028,0.9432109411951443
302480.16015506536,4123851.0885724165,0.9361102405609563
302480.1898010879,4123851.128835017,0.9286156349554799
302480.21974800224,4123851.16887427,0.9208694605554397
302480.2500041569,4123851.2086803378,0.913100318712627
302480.28056867037,4123851.248250163,0.9055458264893
302480.31143127044,4123851.2875880026,0.8983508228918242
302480.34257614415,4123851.3267028183,0.8915951818521133
302480.3739845909,4123851.365606389,0.8853139812249814
302480.4056368155,4123851.4043119573,0.879511879115902
302480.43751311296,4123851.4428332658,0.8741734971971334
302480.4695946246,4123851.4811838917,0.8692706096839512
302480.50186380174,4123851.5193767925,0.8647385378287283
302480.5343057564,4123851.5574230747,0.8604085007663532
302480.566912146,4123851.5953285233,0.8566108755609594
302480.5996622381,4123851.6331098573,0.8530787667891528
302480.6325455652,4123851.6707752696,0.8497693015146286
302480.6655533595,4123851.708331644,0.8466403991287559
302480.6986784996,4123851.7457845537,0.8436509346907883
302480.7319154539,4123851.7831382677,0.8407606703115712
302480.76526023,4123851.8203957607,0.8379301463263551
302480.7987103296,4123851.8575587203,0.8351204728550464
302480.83226471173,4123851.8946275483,0.8322930893140267
302480.86592376576,4123851.9316013553,0.8294096055385121
302480.8996892916,4123851.968477952,0.826431570484364
302480.93356448517,4123852.0052538277,0.8233204617585738
302480.9675539266,4123852.0419241344,0.820037701429674
302481.0016635633,4123852.0784826633,0.8165448401489157
302481.0359006852,4123852.1149218287,0.8128042093885554
302481.07027387473,4123852.1512326733,0.8087797374127238
302481.1047929231,4123852.187404896,0.8044385142390316
302481.1394686885,4123852.2234269353,0.7997529976689729
302481.17431287304,4123852.2592861247,0.7945236771287691
302481.2093441087,4123852.2949626227,0.7889698152701365
302481.2445729278,4123852.330443995,0.7831774558290274
302481.28000664385,4123852.3657206837,0.7771016573292595
302481.31565400504,4123852.4007814014,0.7708514989607016
302481.3515197726,4123852.435618604,0.7646092261691264
302481.38760228315,4123852.470231226,0.7584997794108194
302481.4238955729,4123852.50462275,0.7525937648809298
302481.4603913437,4123852.538799325,0.7469226582617254
302481.49708034936,4123852.5727683837,0.7414900960590608
302481.53395335923,4123852.6065376336,0.7362798331156757
302481.57100182265,4123852.6401143153,0.7312617116309356
302481.6082183195,4123852.673504669,0.7263956718821788
302481.6455968618,4123852.7067135386,0.7216345993192557
302481.68313309614,4123852.739744076,0.7169262573746491
302481.72082443826,4123852.772597519,0.7122144614764662
302481.75867016433,4123852.805273008,0.7074398526668868
302481.79667147464,4123852.8377674296,0.702540269777153
302481.8348315407,4123852.8700752743,0.6974509568434062
302481.87315554067,4123852.902188496,0.6921047250400272
302481.91165068315,4123852.9340963764,0.6864320468121682
302481.9503262193,4123852.965785383,0.6803613330529777
302481.98919343465,4123852.997239033,0.6738195070311073
302482.028265611,4123853.0284377737,0.6666129235881121
302482.0675616357,4123853.059354152,0.6586475401775731
302482.107102653,4123853.0899565304,0.6501865562001076
302482.1469011139,4123853.1202232125,0.6409704672220481
302482.1869767384,4123853.1501217666,0.6309549482191468
302482.2273496935,4123853.1796173737,0.6201196330765869
302482.26803974103,4123853.2086737147,0.6084806999044323
302482.30906506634,4123853.2372544096,0.5961081262547038
302482.3504407081,4123853.2653252385,0.5831491592322853
302482.3921764941,4123853.292857447,0.569859886233476
302482.43427437067,4123853.319832541,0.5566472755420455
302482.4767249633,4123853.346249067,0.5438518140593683
302482.51951013744,4123853.3721203036,0.5316697370782206
302482.5626073884,4123853.397468476,0.5201970114563076
302482.6059927234,4123853.4223206136,0.5094610734984808
302482.64964248333,4123853.4467056124,0.4994435590559902
302482.6935344422,4123853.470652196,0.4900961246971157
302482.73764842626,4123853.4941875194,0.4813516295887749
302482.78196662216,4123853.5173362438,0.4731314285886749
302482.82647369185,4123853.5401199297,0.46535040039212416
302482.87115677114,4123853.562556658,0.457920017787324
302482.9160054023,4123853.5846607937,0.450718379723199
302482.96101212234,4123853.606441408,0.4433164765745411
302483.0061788207,4123853.6278882907,0.43639101601313174
302483.05149289675,4123853.64902183,0.42943659233505294
302483.096952787,4123853.6698396998,0.42236307229266495
302483.14255873597,4123853.6903354637,0.41508087018463524
302483.1883126687,4123853.710498549,0.40750125211835314
302483.23421804974,4123853.7303142333,0.39953722218241805
302483.2802797151,4123853.7497636713,0.3911052298394864
302483.3265036612,4123853.768823999,0.38212777019874344
302483.37289677287,4123853.7874685572,0.37253783358216913
302483.41946646397,4123853.805667325,0.36228544480215774
302483.46622020565,4123853.823387664,0.3513474356547063
302483.51316490874,4123853.840595537,0.33974147622277395
302483.5603061265,4123853.857257413,0.32754627915052514
302483.6076470434,4123853.8733431734,0.3149296726266824
302483.6551872135,4123853.888830413,0.302187441529209
302483.70292101067,4123853.903710691,0.28973425606788167
302483.7508365841,4123853.9179954445,0.2778328106718077
302483.79891893984,4123853.931708984,0.26663648365458475
302483.84715196904,4123853.9448833703,0.2561411727398288
302483.89552070946,4123853.957550846,0.24621131079412056
302483.9440128303,4123853.9697374054,0.23746104029398882
302483.9926096478,4123853.981499165,0.22945087884287738
302484.04129907256,4123853.992871272,0.22212626985240866
302484.09007046506,4123854.0038864412,0.21542488642133206
302484.1389145733,4123854.0145745287,0.2092804898308395
302484.1878234349,4123854.0249622995,0.20362566708690935
302484.2367902644,4123854.0350733367,0.1983934408573716
302484.2858093379,4123854.0449280334,0.19351816985505935
302484.3348758845,4123854.054543635,0.1889361824821986
302484.3839859849,4123854.063934316,0.1845860153610694
302484.43313648057,4123854.0731112733,0.18040824572450062
302484.4823248936,4123854.082082813,0.17634552828405758
302484.5315493546,4123854.0908544417,0.17234241005398293
302484.58080853854,4123854.09942895,0.16834520220162588
302484.6301016051,4123854.107806491,0.16430204706535442
302484.6794281413,4123854.115984665,0.16016312929237037
302484.72878810414,4123854.1239586114,0.15588118736808096
302484.778181759,4123854.1317211287,0.15141255775624457
302484.82760961034,4123854.1392628476,0.146718813328142
302484.8770723205,4123854.1465724832,0.14176925756527833
302484.926570613,4123854.153637213,0.13654482887062863
302484.976105154,4123854.1604432496,0.13104370244786526
302485.0256764089,4123854.1669766917,0.12528915564166596
302485.07528447063,4123854.173224771,0.11921515155588219
302485.1249295849,4123854.1791714192,0.11308324425266139
302485.17461021076,4123854.1848135362,0.10720727667654738
302485.22432310024,4123854.1901636324,0.10159341699240804
302485.27406521887,4123854.1952345623,0.09630996795079655
302485.32383342274,4123854.2000426115,0.0913895528018123
302485.3736246773,4123854.204605723,0.08684009857050165
302485.4234361775,4123854.208942265,0.08265296042263418
302485.47326540377,4123854.213070202,0.07880851110549951
302485.52311013854,4123854.217006544,0.07528030889404692
302485.572968459,4123854.220767,0.07203787316377637
302485.6228387181,4123854.224365775,0.06904863639080089
302485.6727195191,4123854.2278154604,0.06627919233993781
302485.7226096889,4123854.231126991,0.06369609882506842
302485.7725082515,4123854.2343096402,0.06126638116247304
302485.8224144042,4123854.237371041,0.05895776846878101
302485.8723274949,4123854.24031722,0.056738770470117716
302485.922247003,4123854.2431526347,0.05457864604987404
302485.97217252146,4123854.245880211,0.05244737097113362
302486.0221037411,4123854.248501376,0.050315514342341286
302486.07204043615,4123854.2510160888,0.04815419911909177
302486.12198245025,4123854.253422867,0.04593510099976358
302486.1719296827,4123854.2557188133,0.043630502896388125
302486.22188207443,4123854.2578996453,0.04121345270476735
302486.27183959255,4123854.2599597336,0.03865831199778499
302486.3218022136,4123854.261892167,0.03594125804678157
302486.37176990474,4123854.2636888423,0.033041493155647236
302486.4217426024,4123854.265340616,0.029942555864882953
302486.4717201892,4123854.26683752,0.02648720087753498
302486.52170265093,4123854.2681617253,0.02293623584880906
302486.5716894866,4123854.269308436,0.019205855129190083
302486.62168023584,4123854.2702686694,0.015324931133293545
302486.67167431774,4123854.271034885,0.011365057955322378
302486.72167102573,4123854.271603125,0.007441747450770927
302486.77166956785,4123854.2719752085,0.0036312590187905936
302486.8216691598,4123854.272156771,-2.5872182024920983e-05
302486.87166908075,4123854.272155477,-0.003513818171027879
302486.92166869564,4123854.271979787,-0.006833754194084991
302486.97166745603,4123854.2716381024,-0.009998412046666771
302487.02166489017,4123854.2711381908,-0.013028227578982076
302487.0716605857,4123854.2704867986,-0.015948941040512945
302487.12165417103,4123854.2696893862,-0.018789812452449872
302487.17164529447,4123854.268749952,-0.02158252524740847
302487.22163360455,4123854.2676709103,-0.02436063064933804
302487.2716187292,4123854.2664530003,-0.027159056521906325
302487.32160025573,4123854.2650952153,-0.030014091992497202
302487.3715777092,4123854.263594737,-0.032963335321122125
302487.42155052966,4123854.261946869,-0.03604570745307498
302487.47151804704,4123854.260144974,-0.03946809240736944
302487.52147910884,4123854.258172082,-0.04301809579022431
302487.5714328373,4123854.256021841,-0.04679151714127554
302487.62137807405,4123854.2536831205,-0.0508778131171605
302487.6713133099,4123854.2511403305,-0.05532271435749131
302487.7212367171,4123854.248375611,-0.060171706545101775
302487.77114609134,4123854.245368849,-0.06546875976641318
302487.8210387915,4123854.242097761,-0.07125398927246787
302487.87091167923,4123854.2385380925,-0.07756037195507516
302487.9207610684,4123854.234663984,-0.08440903587364154
302487.9705826971,4123854.230448572,-0.09180234205238759
302488.020371745,4123854.225864937,-0.09971425780640825
302488.07012293075,4123854.220887527,-0.10807702683675041
302488.11983074003,4123854.2154942392,-0.11676260589666876
302488.16948985716,4123854.2096694163,-0.12555761205661167
302488.2190958972,4123854.203408063,-0.1341853742739014
302488.2686461641,4123854.196718946,-0.1424741521464674
302488.31813938246,4123854.1896193386,-0.15032689016333348
302488.36757541477,4123854.182131283,-0.15771264675685806
302488.41695487074,4123854.1742783003,-0.16495517353749925
302488.4662761541,4123854.166067895,-0.17131159901711954
302488.51554419455,4123854.1575441607,-0.17723566348407743
302488.5647608396,4123854.148728717,-0.18277148923664446
302488.61392790964,4123854.139640959,-0.18796860731296683
302488.6630470755,4123854.1302977996,-0.19287952728334717
302488.7121197619,4123854.1207135343,-0.19755813951540122
302488.76114707,4123854.1108997827,-0.2020585998515809
302488.81012971647,4123854.1008654856,-0.20643468510822993
302488.8590679851,4123854.0906169326,-0.21073912673994277
302488.9079616878,4123854.080157823,-0.21502336953773535
302488.9568101341,4123854.069489337,-0.2193369290401678
302489.0056121087,4123854.05861024,-0.22372679489853242
302489.0543658581,4123854.0475170137,-0.22823640322599517
302489.10306909063,4123854.0362040396,-0.2329041716602919
302489.151718995,4123854.024663852,-0.2377614135110264
302489.20031228685,4123854.0128874937,-0.24282904319080237
302489.24884529953,4123854.000865029,-0.2481131979818159
302489.29731413955,4123853.9885862693,-0.2536614485595386
302489.34571414307,4123853.9760387735,-0.259572598605666
302489.39403912245,4123853.9632054013,-0.2652633767632556
302489.4422902432,4123853.950097244,-0.27082286269595646
302489.4904677096,4123853.9367210483,-0.27615060786356455
302489.53857320634,4123853.9230883727,-0.2811900120115946
302489.586609383,4123853.9092134507,-0.28591540103120927
302489.63457945915,4123853.895111695,-0.29032267795363925
302489.68248692574,4123853.8807986574,-0.29442238788360103
302489.73033532023,4123853.866289331,-0.29823488380579
302489.7781280618,4123853.8515976854,-0.30178676488624134
302489.8258683303,4123853.836736375,-0.30510850209193174
302489.8735589811,4123853.821716563,-0.30823261984547745
302489.92120248545,4123853.80654783,-0.31119263678693415
302489.96880089014,4123853.791238135,-0.3140222641002056
302490.0163557916,4123853.7757938136,-0.3167547928183035
302490.0638683208,4123853.7602196024,-0.3194228042407413
302490.1113391355,4123853.7445186805,-0.3220577936769386
302490.1587684209,4123853.7286927258,-0.32468977193434306
302490.2061558962,4123853.7127419906,-0.32734688170225673
302490.2535008304,4123853.696665395,-0.33017151225715435
302490.30080016796,4123853.680455131,-0.3330012316558288
302490.348053438,4123853.664111091,-0.33588299936681454
302490.39525940147,4123853.6476309495,-0.3388631188764935
302490.44241603184,4123853.631010206,-0.34193718143717255
302490.4895213354,4123853.6142445826,-0.3450845196129698
302490.53657362936,4123853.5973307895,-0.34826123379685825
302490.58357194904,4123853.580267613,-0.3513907731982897
302490.63051663677,4123853.5630574375,-0.3544128804096892
302490.67740910134,4123853.5457054684,-0.3572935571284521
302490.72425139043,4123853.5282184877,-0.3600174433817042
302490.771045879,4123853.510603977,-0.36258216280528416
302490.8177950436,4123853.492869507,-0.36499428204331286
302490.8645013006,4123853.475022322,-0.36726645995663787
302490.9111668907,4123853.457069056,-0.36941532957329976
302490.95779379894,4123853.4390155515,-0.37146018411277126
302491.0043836975,4123853.4208667376,-0.37342189865631037
302491.0509379079,4123853.402626561,-0.37532235190635005
302491.09745737334,4123853.384297942,-0.3771840948703878
302491.14394263923,4123853.3658827455,-0.3790298491237251
302491.1903938402,4123853.3473817785,-0.3809584174999398
302491.23680927575,4123853.328791261,-0.38287988189639915
302491.2831889014,4123853.310111594,-0.38482797932674356
302491.3295320443,4123853.291341612,-0.38685658129240064
302491.3758370097,4123853.2724776594,-0.38898810822007557
302491.42210165516,4123853.2535150517,-0.3912440119675765
302491.4683233983,4123853.2344481265,-0.3936443934852342
302491.51449923293,4123853.2152703097,-0.3962070214660051
302491.5606257621,4123853.195974228,-0.3989460879006082
302491.6066992561,4123853.176551879,-0.40187051330022705
302491.65271574527,4123853.1569948783,-0.4049815501026369
302491.69867116184,4123853.137294817,-0.4082695368974863
302491.744561552,4123853.117443763,-0.41170956096305733
302491.79038338317,4123853.097434963,-0.4152556509013422
302491.8361339806,4123853.0772637976,-0.41883311376543814
302491.8818121385,4123853.056929084,-0.4223426831364995
302491.9274186679,4123853.036434177,-0.4257256309860446
302491.97295562277,4123853.015785094,-0.4290652922859029
302492.01842337294,4123852.9949840438,-0.432232864168795
302492.06382499816,4123852.9740390796,-0.4351031162932846
302492.1091663063,4123852.952963894,-0.43782288252733964
302492.1544501192,4123852.931765472,-0.4404105012042486
302492.1996789226,4123852.9104499463,-0.4428872567031684
302492.2448547921,4123852.8890224663,-0.4452762621269003
302492.28997934185,4123852.8674871223,-0.4476016261668179
302492.33505369275,4123852.8458469054,-0.4498878869516738
302492.3800784524,4123852.8241036925,-0.45215953170255424
302492.42505370546,4123852.8022582545,-0.45444069184327446
302492.469979012,4123852.780310276,-0.45675468376280004
302492.5148534154,4123852.758258397,-0.45912360101659194
302492.55967546103,4123852.736100273,-0.4615675457603913
302492.6044432293,4123852.713832668,-0.46421647061785776
302492.64915186155,4123852.6914465516,-0.46697784179915575
302492.69379850005,4123852.668937067,-0.469746198418537
302492.73838263977,4123852.646304078,-0.4726164094465515
302492.78290162166,4123852.623543223,-0.47556444137705983
302492.8273532994,4123852.6006512293,-0.4785434858067061
302492.8717365768,4123852.5776269175,-0.4814742793168363
302492.91605218314,4123852.554472627,-0.48429066741086424
302492.9603024061,4123852.531193617,-0.4869512654741657
302493.0044905431,4123852.5077969534,-0.4894325880136351
302493.04862049734,4123852.484290713,-0.4917238975633032
302493.0926964836,4123852.4606834147,-0.4938233533843204
302493.1367228174,4123852.436983629,-0.4957351554247122
302493.18070376763,4123852.413199714,-0.4974674261375337
302493.2246434565,4123852.389339645,-0.4990307416875654
302493.2685457948,4123852.3654109114,-0.5004370020054032
302493.3124144425,4123852.341420462,-0.5017389071802661
302493.3562518204,4123852.3173729195,-0.5028798745703632
302493.4000617314,4123852.2932753763,-0.5038749414192268
302493.44384764094,4123852.269134252,-0.5047640830520695
302493.48761206825,4123852.244954205,-0.5055577291083398
302493.5313572912,4123852.2207394326,-0.5062656216420944
302493.57508536184,4123852.196493699,-0.5068966808380997
302493.61879812373,4123852.1722203754,-0.5074589970221247
302493.66249722964,4123852.147922475,-0.5079599526556453
302493.70618415816,4123852.123602686,-0.5084061498974833
302493.7498602312,4123852.0992634064,-0.5088034477434557
302493.7935266309,4123852.074906776,-0.5091570131287247
302493.8371844166,4123852.0505347084,-0.5094714043447544
302493.8808345378,4123852.026148916,-0.5097506830220346
302493.9244778469,4123852.0017509344,-0.5099985351743086
302493.9681151076,4123851.977342136,-0.5102182863342933
302494.0117470037,4123851.952923749,-0.5104129117948196
302494.0553741464,4123851.9284968707,-0.5105851687501853
302494.09899708093,4123851.9040624774,-0.5107374704182213
302494.1426162936,4123851.8796214405,-0.5108720117569241
302494.1862322174,4123851.8551745354,-0.5109908203227409
302494.2298452366,4123851.8307224484,-0.5110956519535511
302494.2734556921,4123851.8062657895,-0.5111881009348169
302494.31706388656,4123851.781805099,-0.5112695817400474
302494.3606700875,4123851.7573408554,-0.5113413727908421
302494.40427453234,4123851.732873481,-0.5114045973417529
302494.44787742995,4123851.7084033503,-0.5114602802080571
302494.49147896504,4123851.6839307914,-0.5115092796481572
302494.535079301,4123851.659456096,-0.5115523754191696
302494.5786785821,4123851.634979522,-0.511590301686589
302494.6222769349,4123851.610501294,-0.5116236487177902
302494.6658744713,4123851.5860216124,-0.5116529785699011
302494.7094712897,4123851.561540652,-0.5116787827758542
302494.7530674765,4123851.5370585667,-0.5117014500039374
302494.7966631082,4123851.512575493,-0.5117213898633892
302494.84025825193,4123851.4880915503,-0.511738899698669
302494.8838529667,4123851.463606844,-0.5117543013542989
302494.9274473045,4123851.4391214666,-0.5117678356121361
302494.9710413108,4123851.414635499,-0.511779724872475
302495.014635026,4123851.390149013,-0.5117901695942992
302495.0582284856,4123851.365662072,-0.5117993267863667
302495.1018217207,4123851.3411747315,-0.5118073900660357
302495.14541475853,4123851.3166870396,-0.511814472559882
302495.1890076229,4123851.292199039,-0.511820700213383
302495.23260033474,4123851.2677107668,-0.5118261585105642
302495.27619291295,4123851.2432222567,-0.5118309635665375
302495.31978537363,4123851.218733537,-0.5118351638250516
302495.3633777313,4123851.1942446344,-0.511838870839847
302495.40696999815,4123851.16975557,-0.5118421076924465
302495.4505621857,4123851.145266365,-0.5118449592966967
302495.4941543035,4123851.120777035,-0.5118474493043541
302495.53774636023,4123851.096287597,-0.5118496476673435
302495.5813383633,4123851.071798063,-0.5118515716283584
302495.62493031914,4123851.047308445,-0.5118532697682964
302495.66852223343,4123851.022818753,-0.5118547651687434
302495.7121141111,4123850.998328996,-0.5118560502802851
302495.75570595707,4123850.973839183,-0.5118572008935952
302495.7992977751,4123850.9493493196,-0.5118582151612338
302495.8428895683,4123850.924859412,-0.5118591029134181
302495.8864813397,4123850.900369466,-0.511859872269752
302495.9300730922,4123850.875879486,-0.5118605752322487
302495.9736648277,4123850.8513894756,-0.511861155100513
302496.01725654874,4123850.82689944,-0.5118616865247284
302496.060848257,4123850.802409381,-0.5118621595379523
302496.1044399534,4123850.7779193018,-0.5118625621659032
302496.1480316402,4123850.7534292047,-0.5118629260432651
302496.19162331807,4123850.728939092,-0.5118632280884208
302496.2352149883,4123850.704448966,-0.511863512890712
302496.2788066518,4123850.6799588273,-0.5118637508228422
302496.3223983093,4123850.6554686786,-0.5118639529921223
302496.3659899619,4123850.630978521,-0.511864143620588
302496.40958160994,4123850.606488355,-0.5118643053286732
302496.4531732539,4123850.581998182,-0.5118644433849243
302496.4967648946,4123850.557508003,-0.5118645508101773
302496.54035653255,4123850.5330178193,-0.5118646582354306
302496.58394816786,4123850.508527631,-0.5118647732100516
302496.62753980054,4123850.4840374375,-0.5118648505745147
302496.6711314311,4123850.4595472408,-0.5118649146875428
302496.71472306014,4123850.4350570412,-0.5118649996013732
302496.7583146871,4123850.410566838,-0.5118650718339742
302496.8019063125,4123850.3860766315,-0.5118651064564199
302496.8454979369,4123850.3615864236,-0.5118651382278304
302496.8890895605,4123850.3370962143,-0.5118651815400562
302496.932681183,4123850.312606003,-0.5118652017706512
302496.97627280507,4123850.288115791,-0.5118652352526831
302497.0198644262,4123850.2636255776,-0.5118652543428636
302497.0634560471,4123850.239135363,-0.5118652785649092
302497.10704766714,4123850.214645148,-0.511865309195905
302497.15063928656,4123850.190154931,-0.5118653207367206
302497.1942309056,4123850.165664714,-0.511865340397108
302497.23782252433,4123850.1411744957,-0.5118653415375226
302497.2814141429,4123850.1166842775,-0.511865350797509
302497.3250057614,4123850.092194059,-0.511865350797509
302497.3685973799,4123850.0677038403,-0.511865352508131
302497.4121889982,4123850.0432136217,-0.5118653640489467
302497.45578061615,4123850.0187234026,-0.5118653814285045
302497.499372234,4123849.9942331826,-0.5118653842795413
302497.54296385153,4123849.9697429626,-0.5118653842795413
302497.5865554691,4123849.9452527426,-0.5118653859901635
302497.63014708646,4123849.9207625226,-0.5118653923991128
302497.673738704,4123849.896272302,-0.5118653848497488
302497.7173303215,4123849.871782082,-0.5118653952501497
302497.76092193875,4123849.8472918617,-0.5118654050803433
302497.80451355584,4123849.8228016407,-0.5118654143403295
302497.8481051728,4123849.7983114193,-0.5118654160509517
302497.8916967896,4123849.773821198,-0.511865416621159
302497.9352884063,4123849.7493309765,-0.511865416621159
302497.97888002306,4123849.724840755,-0.5118654264513526
302498.0224716396,4123849.7003505332,-0.5118654253109378
302498.0660632563,4123849.6758603114,-0.5118654171913665
302498.10965487297,4123849.65137009,-0.5118654258811453
302498.1532464896,4123849.626879868,-0.51186542702156
302498.1968381061,4123849.602389646,-0.5118654357113387
302498.24042972253,4123849.577899424,-0.5118654287321823
302498.28402133886,4123849.553409202,-0.511865437421961
302498.3276129551,4123849.5289189797,-0.5118654368517536
302498.37120457145,4123849.5044287574,-0.5118654466819471
302498.4147961876,4123849.4799385346,-0.5118654385623759
302498.45838780375,4123849.455448312,-0.511865447822362
302498.5019794198,4123849.4309580894,-0.511865447822362
302498.5455710358,4123849.4064678666,-0.5118654385623759
302498.589162652,4123849.3819776443,-0.5118654559419331
302498.632754268,4123849.357487421,-0.5118654489627769
302498.6763458839,4123849.332997198,-0.5118654489627769
302498.71993749985,4123849.3085069754,-0.511865457082348
302498.76352911576,4123849.284016752,-0.5118654391325833
302498.80712073186,4123849.25952653,-0.511865457082348
302498.8507123478,4123849.2350363065,-0.5118654489627769
302498.8943039637,4123849.2105460837,-0.511865447822362
302498.93789557973,4123849.186055861,-0.511865457082348
302498.98148719565,4123849.1615656377,-0.5118654495329843
302499.0250788115,4123849.137075415,-0.5118654576525554
302499.06867042737,4123849.1125851916,-0.5118654495329843
302499.1122620432,4123849.088094969,-0.5118654483925694
302499.1558536592,4123849.063604746,-0.511865457082348
302499.1994452751,4123849.0391145227,-0.5118654582227629
302499.2430368909,4123849.0146242995,-0.5118654495329843
302499.2866285068,4123848.9901340767,-0.5118654576525554
302499.33022012265,4123848.9656438534,-0.5118654483925694
302499.3738117386,4123848.9411536306,-0.511865457082348
302499.41740335454,4123848.9166634073,-0.5118654501031917
302499.46099497034,4123848.8921731845,-0.5118654483925694
302499.5045865863,4123848.8676829617,-0.511865457082348
302499.54817820224,4123848.8431927385,-0.5118654495329843
302499.5917698181,4123848.8187025157,-0.5118654576525554
302499.63536143396,4123848.7942122924,-0.5118654582227629
302499.67895304976,4123848.769722069,-0.5118654483925694
302499.72254466574,4123848.7452318463,-0.5118654489627769
302499.76613628166,4123848.7207416235,-0.5118654576525554
302499.8097278975,4123848.6962514003,-0.5118654576525554
302499.8533195134,4123848.671761177,-0.5118654501031917
302499.8969111292,4123848.647270954,-0.5118654565121405
302499.94050274516,4123848.622780731,-0.5118654489627769
302499.9840943611,4123848.598290508,-0.5118654576525554
302500.02768597694,4123848.573800285,-0.5118654483925694
302500.0712775929,4123848.549310062,-0.5118654489627769
302500.11486920883,4123848.5248198393,-0.5118654582227629
302500.15846082463,4123848.500329616,-0.5118654576525554
302500.2020524405,4123848.4758393927,-0.5118654495329843
302500.24564405635,4123848.45134917,-0.5118654483925694
302500.28923567233,4123848.426858947,-0.511865457082348
302500.33282728825,4123848.402368724,-0.5118654495329843
302500.3764189041,4123848.377878501,-0.5118654582227629
302500.4200105199,4123848.353388278,-0.5118654576525554
302500.4636021358,4123848.3288980545,-0.5118654483925694
302500.50719375175,4123848.3044078317,-0.5118654489627769
302500.55078536767,4123848.279917609,-0.5118654582227629
302500.59437698347,4123848.2554273857,-0.5118654483925694
302500.63796859945,4123848.230937163,-0.511865457082348
302500.68156021537,4123848.2064469396,-0.5118654495329843
302500.7251518312,4123848.181956717,-0.5118654576525554
302500.7687434471,4123848.1574664935,-0.5118654582227629
302500.8123350629,4123848.1329762703,-0.5118654483925694
302500.85592667887,4123848.1084860475,-0.5118654489627769
302500.8995182948,4123848.0839958247,-0.5118654576525554
302500.94310991064,4123848.0595056014,-0.5118654483925694
302500.9867015266,4123848.0350153786,-0.511865457082348
302501.03029314254,4123848.0105251553,-0.5118654495329843
302501.0738847584,4123847.9860349325,-0.5118654582227629
302501.1174763742,4123847.9615447093,-0.5118654576525554
302501.16106799006,4123847.937054486,-0.5118654489627769
302501.204659606,4123847.912564263,-0.5118654483925694
302501.24825122196,4123847.8880740404,-0.5118654576525554
302501.2918428378,4123847.863583817,-0.5118654501031917
302501.3354344536,4123847.8390935943,-0.5118654576525554
302501.3790260695,4123847.814603371,-0.5118654483925694
302501.42261768546,4123847.7901131483,-0.511865457082348
302501.4662093014,4123847.765622925,-0.5118654495329843
302501.50980091724,4123847.741132702,-0.511865457082348
302501.55339253315,4123847.716642479,-0.5118654489627769
302501.5969841491,4123847.692152256,-0.5118654576525554
302501.64057576493,4123847.667662033,-0.5118654495329843
302501.6841673808,4123847.64317181,-0.5118654576525554
302501.72775899665,4123847.618681587,-0.5118654489627769
302501.7713506126,4123847.594191364,-0.511865457082348
302501.8149422285,4123847.5697011407,-0.5118654495329843
302501.85853384435,4123847.545210918,-0.5118654576525554
302501.9021254602,4123847.5207206947,-0.5118654576525554
302501.9457170761,4123847.4962304714,-0.5118654489627769
302501.989308692,4123847.4717402486,-0.5118654489627769
302502.0329003079,4123847.447250026,-0.5118654576525554
302502.07649192377,4123847.4227598025,-0.5118654495329843
302502.12008353963,4123847.3982695797,-0.5118654576525554
302502.1636751555,4123847.3737793565,-0.511865457082348
302502.2072667714,4123847.349289133,-0.5118654489627769
302502.2508583873,4123847.3247989104,-0.5118654495329843
302502.2944500032,4123847.3003086876,-0.511865457082348
302502.3380416191,4123847.2758184643,-0.5118654483925694
302502.3816332351,4123847.2513282415,-0.5118654576525554
302502.42522485094,4123847.2268380183,-0.5118654495329843
302502.4688164668,4123847.2023477955,-0.5118654582227629
302502.5124080826,4123847.177857572,-0.5118654489627769
302502.5559996985,4123847.1533673494,-0.5118654565121405
302502.5995913145,4123847.128877126,-0.5118654495329843
302502.64318293036,4123847.1043869033,-0.5118654582227629
302502.68677454616,4123847.07989668,-0.5118654576525554
302502.730366162,4123847.055406457,-0.5118654489627769
302502.77395777794,4123847.030916234,-0.5118654483925694
302502.8175493939,4123847.006426011,-0.5118654576525554
302502.8611410098,4123846.981935788,-0.5118654489627769
302502.9047326257,4123846.957445565,-0.5118654483925694
302502.9483242417,4123846.9329553423,-0.5118654582227629
302502.9919158575,4123846.908465119,-0.5118654576525554
302503.03550747334,4123846.883974896,-0.5118654495329843
302503.0790990892,4123846.859484673,-0.5118654576525554
302503.12269070506,4123846.8349944497,-0.511865447822362
302503.1662823211,4123846.810504227,-0.5118654582227629
302503.2098739369,4123846.7860140037,-0.5118654495329843
302503.25346555276,4123846.761523781,-0.5118654576525554
302503.2970571686,4123846.7370335576,-0.5118654495329843
302503.3406487845,4123846.712543335,-0.5118654559419331
302503.3842404005,4123846.6880531115,-0.5118654501031917
302503.4278320163,4123846.6635628887,-0.511865457082348
302503.47142363223,4123846.6390726655,-0.5118654483925694
302503.5150152482,4123846.6145824427,-0.5118654576525554
302503.55860686407,4123846.5900922194,-0.5118654495329843
302503.60219847993,4123846.5656019966,-0.5118654582227629
302503.64579009573,4123846.5411117733,-0.5118654489627769
302503.68938171165,4123846.5166215505,-0.5118654483925694
302503.7329733276,4123846.4921313277,-0.5118654576525554
302503.7765649435,4123846.4676411045,-0.5118654576525554
