302600.1452823679,4123989.5331060956,1.5446199112621837
302600.1465910392,4123989.5830889666,1.5446199089346748
302600.14789971063,4123989.6330718375,1.5446199100984292
302600.149208382,4123989.6830547084,1.5446199110184244
302600.1505170533,4123989.733037579,1.5446199100984292
302600.1518257247,4123989.78302045,1.5446199100984292
302600.15313439607,4123989.8330033207,1.5446199112621837
302600.1544430674,4123989.8829861917,1.5446199089346748
302600.1557517388,4123989.9329690626,1.5446199112621837
302600.1570604101,4123989.9829519335,1.5446199098546702
302600.1583690815,4123990.032934804,1.5446199100984292
302600.1596777529,4123990.082917675,1.5446199112621837
302600.1609864242,4123990.132900546,1.5446199100984292
302600.16229509556,4123990.182883417,1.5446199100984292
302600.16360376694,4123990.2328662877,1.5446199100984292
302600.1649124383,4123990.2828491586,1.5446199100984292
302600.1662211097,4123990.3328320296,1.5446199098546702
302600.16752978106,4123990.3828149,1.5446199112621837
302600.1688384524,4123990.432797771,1.5446199100984292
302600.17014712375,4123990.482780642,1.5446199100984292
302600.1714557951,4123990.532763513,1.5446199112621837
302600.17276446644,4123990.5827463837,1.5446199100984292
302600.1740731378,4123990.6327292547,1.5446199112621837
302600.1753818091,4123990.6827121256,1.5446199086909158
302600.17669048056,4123990.732694996,1.5446199112621837
302600.17799915187,4123990.782677867,1.5446199100984292
302600.17930782324,4123990.832660738,1.5446199100984292
302600.1806164946,4123990.882643609,1.5446199100984292
302600.181925166,4123990.93262648,1.5446199112621837
302600.1832338373,4123990.9826093507,1.5446199086909158
302600.18454250874,4123991.032592221,1.5446199112621837
302600.18585118005,4123991.082575092,1.5446199100984292
302600.1871598514,4123991.132557963,1.5446199100984292
302600.1884685228,4123991.182540834,1.5446199100984292
302600.1897771942,4123991.232523705,1.5446199112621837
302600.1910858655,4123991.282506576,1.5446199100984292
302600.19239453686,4123991.3324894467,1.5446199110184244
302600.1937032082,4123991.382472317,1.5446199100984292
302600.19501187955,4123991.432455188,1.5446199100984292
302600.1963205509,4123991.482438059,1.5446199112621837
302600.19762922224,4123991.53242093,1.5446199089346748
302600.19893789367,4123991.582403801,1.5446199100984292
302600.20024656504,4123991.632386672,1.5446199112621837
302600.20155523636,4123991.682369543,1.5446199098546702
302600.20286390773,4123991.7323524132,1.5446199100984292
302600.2041725791,4123991.782335284,1.5446199100984292
302600.2054812505,4123991.832318155,1.5446199112621837
302600.2067899218,4123991.882301026,1.5446199100984292
302600.20809859317,4123991.932283897,1.5446199100984292
302600.20940726454,4123991.982266768,1.5446199098546702
302600.2107159359,4123992.0322496383,1.5446199112621837
302600.21202460723,4123992.0822325093,1.5446199100984292
302600.2133332786,4123992.13221538,1.5446199100984292
302600.21464195,4123992.182198251,1.5446199100984292
302600.21595062135,4123992.232181122,1.5446199100984292
302600.2172592927,4123992.282163993,1.5446199100984292
302600.2185679641,4123992.332146864,1.5446199110184244
302600.2198766354,4123992.3821297344,1.5446199100984292
302600.2211853068,4123992.4321126053,1.5446199100984292
302600.22249397816,4123992.4820954762,1.5446199100984292
302600.22380264953,4123992.532078347,1.5446199112621837
302600.22511132085,4123992.582061218,1.5446199112621837
302600.22641999216,4123992.632044089,1.5446199086909158
302600.2277286636,4123992.6820269595,1.5446199112621837
302600.2290373349,4123992.7320098304,1.5446199100984292
302600.2303460063,4123992.7819927013,1.5446199100984292
302600.23165467766,4123992.8319755723,1.5446199100984292
302600.23296334903,4123992.881958443,1.5446199112621837
302600.23427202035,4123992.931941314,1.5446199100984292
302600.2355806917,4123992.981924185,1.5446199098546702
302600.2368893631,4123993.0319070555,1.5446199100984292
302600.23819803447,4123993.0818899265,1.5446199100984292
302600.23950670584,4123993.1318727974,1.5446199100984292
302600.2408153772,4123993.1818556683,1.5446199112621837
302600.2421240485,4123993.2318385392,1.5446199100984292
302600.2434327199,4123993.28182141,1.5446199112621837
302600.2447413912,4123993.331804281,1.5446199098546702
302600.2460500626,4123993.3817871516,1.5446199100984292
302600.24735873396,4123993.4317700225,1.5446199100984292
302600.24866740534,4123993.4817528934,1.5446199100984292
302600.2499760767,4123993.5317357644,1.5446199100984292
302600.2512847481,4123993.5817186353,1.5446199112621837
302600.2525934194,4123993.631701506,1.5446199098546702
302600.2539020908,4123993.6816843767,1.5446199100984292
302600.25521076214,4123993.7316672476,1.5446199100984292
302600.2565194335,4123993.7816501185,1.5446199112621837
302600.25782810483,4123993.8316329895,1.5446199100984292
302600.2591367762,4123993.8816158604,1.5446199100984292
302600.2604454476,4123993.9315987313,1.5446199100984292
302600.26175411895,4123993.9815816022,1.5446199110184244
302600.26306279027,4123994.0315644727,1.5446199100984292
302600.26437146164,4123994.0815473436,1.5446199100984292
302600.265680133,4123994.1315302146,1.5446199100984292
302600.2669888044,4123994.1815130855,1.5446199100984292
302600.26829747576,4123994.2314959564,1.5446199100984292
302600.26960614714,4123994.2814788274,1.5446199112621837
302600.27091481845,4123994.3314616983,1.5446199098546702
302600.2722234898,4123994.3814445687,1.5446199100984292
302600.2735321612,4123994.4314274397,1.5446199100984292
302600.2748408326,4123994.4814103106,1.5446199112621837
302600.2761495039,4123994.5313931815,1.5446199112621837
302600.2774581752,4123994.5813760525,1.5446199089346748
302600.27876684663,4123994.6313589234,1.5446199098546702
302600.280075518,4123994.681341794,1.5446199112621837
302600.2813841893,4123994.731324665,1.5446199100984292
302600.2826928607,4123994.7813075357,1.5446199100984292
302600.28400153207,4123994.8312904066,1.5446199100984292
302600.28531020344,4123994.8812732776,1.5446199100984292
302600.2866188748,4123994.9312561485,1.5446199112621837
302600.28792754613,4123994.9812390194,1.5446199098546702
302600.2892362175,4123995.03122189,1.5446199100984292
302600.2905448889,4123995.081204761,1.5446199112621837
302600.2918535602,4123995.1311876317,1.5446199100984292
302600.29316223157,4123995.1811705027,1.5446199100984292
302600.29447090294,4123995.2311533736,1.5446199112621837
302600.29577957425,4123995.2811362445,1.5446199098546702
302600.2970882456,4123995.331119115,1.5446199100984292
302600.298396917,4123995.381101986,1.5446199100984292
302600.2997055884,4123995.431084857,1.5446199100984292
302600.30101425975,4123995.481067728,1.5446199100984292
302600.3023229311,4123995.5310505987,1.5446199112621837
302600.30363160244,4123995.5810334696,1.5446199100984292
302600.3049402738,4123995.6310163406,1.5446199098546702
302600.3062489452,4123995.680999211,1.5446199100984292
302600.30755761656,4123995.730982082,1.5446199112621837
302600.3088662879,4123995.780964953,1.5446199100984292
302600.31017495925,4123995.830947824,1.5446199100984292
302600.3114836306,4123995.8809306948,1.5446199100984292
302600.312792302,4123995.9309135657,1.5446199112621837
302600.3141009733,4123995.9808964366,1.5446199098546702
302600.3154096447,4123996.030879307,1.5446199100984292
302600.31671831605,4123996.080862178,1.5446199100984292
302600.3180269874,4123996.130845049,1.5446199100984292
302600.3193356588,4123996.18082792,1.5446199100984292
302600.3206443302,4123996.230810791,1.5446199112621837
302600.3219530015,4123996.2807936617,1.5446199098546702
302600.32326167286,4123996.330776532,1.5446199112621837
302600.3245703442,4123996.380759403,1.5446199100984292
302600.32587901555,4123996.430742274,1.5446199100984292
302600.3271876869,4123996.480725145,1.5446199112621837
302600.32849635824,4123996.530708016,1.5446199100984292
302600.3298050296,4123996.580690887,1.5446199089346748
302600.33111370105,4123996.6306737578,1.5446199110184244
302600.33242237236,4123996.680656628,1.5446199100984292
302600.33373104373,4123996.730639499,1.5446199100984292
302600.3350397151,4123996.78062237,1.5446199100984292
302600.3363483865,4123996.830605241,1.5446199112621837
302600.3376570578,4123996.880588112,1.5446199100984292
302600.33896572917,4123996.930570983,1.5446199100984292
302600.34027440054,4123996.980553854,1.5446199098546702
302600.3415830719,4123997.0305367243,1.5446199112621837
302600.34289174323,4123997.080519595,1.5446199100984292
302600.3442004146,4123997.130502466,1.5446199100984292
302600.345509086,4123997.180485337,1.5446199112621837
302600.3468177573,4123997.230468208,1.5446199100984292
302600.34812642867,4123997.280451079,1.5446199086909158
302600.3494351001,4123997.3304339494,1.5446199112621837
302600.3507437714,4123997.3804168203,1.5446199100984292
302600.3520524428,4123997.430399691,1.5446199100984292
302600.35336111416,4123997.480382562,1.5446199100984292
302600.35466978553,4123997.530365433,1.5446199112621837
302600.35597845685,4123997.580348304,1.5446199100984292
302600.3572871282,4123997.630331175,1.5446199098546702
302600.3585957996,4123997.6803140454,1.5446199112621837
302600.3599044709,4123997.7302969163,1.5446199100984292
302600.3612131423,4123997.7802797873,1.5446199100984292
302600.36252181366,4123997.830262658,1.5446199100984292
302600.36383048503,4123997.880245529,1.5446199112621837
302600.36513915635,4123997.9302284,1.5446199098546702
302600.3664478277,4123997.9802112705,1.5446199100984292
302600.3677564991,4123998.0301941414,1.5446199100984292
302600.36906517047,4123998.0801770124,1.5446199100984292
302600.37037384184,4123998.1301598833,1.5446199100984292
302600.3716825132,4123998.180142754,1.5446199112621837
302600.37299118453,4123998.230125625,1.5446199100984292
302600.3742998559,4123998.280108496,1.5446199110184244
302600.3756085272,4123998.3300913665,1.5446199100984292
302600.3769171986,4123998.3800742375,1.5446199100984292
302600.37822586996,4123998.4300571084,1.5446199100984292
302600.37953454134,4123998.4800399793,1.5446199112621837
302600.38084321265,4123998.5300228503,1.5446199089346748
302600.3821518841,4123998.580005721,1.5446199112621837
302600.3834605554,4123998.629988592,1.5446199098546702
302600.3847692268,4123998.6799714626,1.5446199100984292
302600.38607789815,4123998.7299543335,1.5446199100984292
302600.3873865695,4123998.7799372044,1.5446199112621837
302600.38869524084,4123998.8299200754,1.5446199100984292
302600.3900039122,4123998.8799029463,1.5446199100984292
302600.3913125836,4123998.929885817,1.5446199098546702
302600.39262125496,4123998.9798686877,1.5446199112621837
302600.3939299263,4123999.0298515586,1.5446199100984292
302600.39523859764,4123999.0798344295,1.5446199100984292
302600.396547269,4123999.1298173005,1.5446199100984292
302600.3978559404,4123999.1798001714,1.5446199112621837
302600.3991646117,4123999.2297830423,1.5446199089346748
302600.40047328314,4123999.2797659133,1.5446199110184244
302600.40178195445,4123999.3297487837,1.5446199100984292
302600.4030906258,4123999.3797316547,1.5446199100984292
302600.4043992972,4123999.4297145256,1.5446199100984292
302600.4057079686,4123999.4796973965,1.5446199112621837
302600.4070166399,4123999.5296802674,1.5446199100984292
302600.40832531126,4123999.5796631384,1.5446199112621837
302600.4096339826,4123999.6296460093,1.5446199086909158
302600.410942654,4123999.6796288798,1.5446199112621837
302600.4122513253,4123999.7296117507,1.5446199100984292
302600.4135599967,4123999.7795946216,1.5446199100984292
302600.4148686681,4123999.8295774926,1.5446199100984292
302600.41617733944,4123999.8795603635,1.5446199112621837
302600.41748601076,4123999.9295432344,1.5446199098546702
302600.41879468213,4123999.979526105,1.5446199100984292
302600.4201033535,4124000.029508976,1.5446199100984292
302600.4214120249,4124000.0794918467,1.5446199100984292
302600.42272069625,4124000.1294747177,1.5446199112621837
302600.42402936757,4124000.1794575886,1.5446199100984292
302600.42533803894,4124000.2294404595,1.5446199112621837
302600.42664671026,4124000.2794233304,1.5446199098546702
302600.42795538163,4124000.329406201,1.5446199100984292
302600.429264053,4124000.379389072,1.5446199100984292
302600.4305727244,4124000.4293719428,1.5446199112621837
302600.4318813957,4124000.4793548137,1.5446199089346748
302600.4331900671,4124000.5293376846,1.5446199112621837
302600.43449873844,4124000.5793205556,1.5446199098546702
302600.4358074098,4124000.629303426,1.5446199100984292
302600.4371160812,4124000.679286297,1.5446199100984292
302600.43842475256,4124000.729269168,1.5446199112621837
302600.4397334239,4124000.779252039,1.5446199100984292
302600.44104209525,4124000.8292349097,1.5446199112621837
302600.44235076656,4124000.8792177807,1.5446199089346748
302600.443659438,4124000.9292006516,1.5446199110184244
302600.4449681093,4124000.979183522,1.5446199100984292
302600.4462767807,4124001.029166393,1.5446199100984292
302600.44758545206,4124001.079149264,1.5446199100984292
302600.44889412343,4124001.129132135,1.5446199112621837
302600.45020279475,4124001.179115006,1.5446199089346748
302600.4515114662,4124001.2290978767,1.5446199112621837
302600.4528201375,4124001.2790807476,1.5446199098546702
302600.45412880887,4124001.329063618,1.5446199100984292
302600.45543748024,4124001.379046489,1.5446199100984292
302600.4567461516,4124001.42902936,1.5446199112621837
302600.4580548229,4124001.479012231,1.5446199100984292
302600.4593634943,4124001.528995102,1.5446199112621837
302600.4606721656,4124001.5789779727,1.5446199086909158
302600.46198083705,4124001.628960843,1.5446199112621837
302600.46328950836,4124001.678943714,1.5446199112621837
302600.4645981797,4124001.728926585,1.5446199089346748
302600.4659068511,4124001.778909456,1.5446199100984292
302600.4672155225,4124001.828892327,1.5446199112621837
302600.4685241938,4124001.878875198,1.5446199100984292
302600.4698328652,4124001.928858069,1.5446199098546702
302600.47114153655,4124001.9788409392,1.5446199100984292
302600.4724502079,4124002.02882381,1.5446199100984292
302600.4737588793,4124002.078806681,1.5446199100984292
302600.47506755067,4124002.128789552,1.5446199112621837
302600.476376222,4124002.178772423,1.5446199100984292
302600.47768489335,4124002.228755294,1.5446199112621837
302600.47899356467,4124002.278738165,1.5446199086909158
302600.4803022361,4124002.3287210353,1.5446199112621837
302600.4816109074,4124002.378703906,1.5446199100984292
302600.4829195788,4124002.428686777,1.5446199100984292
302600.48422825016,4124002.478669648,1.5446199100984292
302600.48553692154,4124002.528652519,1.5446199112621837
302600.48684559285,4124002.57863539,1.5446199098546702
302600.4881542642,4124002.6286182604,1.5446199100984292
302600.4894629356,4124002.6786011313,1.5446199112621837
302600.4907716069,4124002.7285840022,1.5446199100984292
302600.4920802783,4124002.778566873,1.5446199112621837
302600.4933889496,4124002.828549744,1.5446199089346748
302600.49469762103,4124002.878532615,1.5446199112621837
302600.49600629235,4124002.928515486,1.5446199098546702
302600.4973149637,4124002.9784983564,1.5446199100984292
302600.4986236351,4124003.0284812273,1.5446199100984292
302600.49993230647,4124003.0784640983,1.5446199112621837
302600.5012409778,4124003.128446969,1.5446199089346748
302600.5025496492,4124003.17842984,1.5446199112621837
302600.50385832053,4124003.228412711,1.5446199098546702
302600.5051669919,4124003.2783955815,1.5446199100984292
302600.5064756633,4124003.3283784525,1.5446199100984292
302600.50778433465,4124003.3783613234,1.5446199112621837
302600.50909300597,4124003.4283441943,1.5446199100984292
302600.51040167734,4124003.4783270652,1.5446199112621837
302600.51171034866,4124003.528309936,1.5446199089346748
302600.5130190201,4124003.578292807,1.5446199110184244
302600.5143276914,4124003.6282756776,1.5446199100984292
302600.5156363628,4124003.6782585485,1.5446199100984292
302600.51694503415,4124003.7282414194,1.5446199100984292
302600.5182537055,4124003.7782242903,1.5446199112621837
302600.51956237684,4124003.8282071613,1.5446199100984292
302600.5208710482,4124003.878190032,1.5446199100984292
302600.5221797196,4124003.928172903,1.5446199098546702
302600.52348839096,4124003.9781557736,1.5446199112621837
302600.5247970623,4124004.0281386445,1.5446199100984292
302600.52610573365,4124004.0781215155,1.5446199100984292
302600.527414405,4124004.1281043864,1.5446199100984292
302600.5287230764,4124004.1780872573,1.5446199112621837
302600.5300317477,4124004.2280701282,1.5446199098546702
302600.5313404191,4124004.2780529987,1.5446199100984292
302600.53264909046,4124004.3280358696,1.5446199100984292
302600.5339577618,4124004.3780187406,1.5446199100984292
302600.5352664332,4124004.4280016115,1.5446199100984292
302600.5365751046,4124004.4779844824,1.5446199112621837
302600.5378837759,4124004.5279673534,1.5446199100984292
302600.53919244726,4124004.5779502243,1.5446199098546702
302600.54050111864,4124004.6279330947,1.5446199100984292
302600.54180979,4124004.6779159657,1.5446199112621837
302600.5431184613,4124004.7278988366,1.5446199112621837
302600.54442713264,4124004.7778817075,1.5446199089346748
302600.5457358041,4124004.8278645785,1.5446199112621837
302600.5470444754,4124004.8778474494,1.5446199100984292
302600.54835314676,4124004.9278303203,1.5446199098546702
302600.54966181814,4124004.977813191,1.5446199100984292
302600.5509704895,4124005.0277960617,1.5446199112621837
302600.5522791608,4124005.0777789326,1.5446199089346748
302600.55358783226,4124005.1277618036,1.5446199112621837
302600.55489650357,4124005.1777446745,1.5446199100984292
302600.55620517494,4124005.2277275454,1.5446199110184244
302600.55751384626,4124005.277710416,1.5446199100984292
302600.55882251763,4124005.327693287,1.5446199100984292
302600.560131189,4124005.3776761577,1.5446199100984292
302600.5614398604,4124005.4276590287,1.5446199112621837
302600.5627485317,4124005.4776418996,1.5446199089346748
302600.5640572031,4124005.5276247705,1.5446199112621837
302600.56536587444,4124005.5776076415,1.5446199098546702
302600.5666745458,4124005.627590512,1.5446199100984292
302600.5679832172,4124005.677573383,1.5446199100984292
302600.56929188856,4124005.727556254,1.5446199112621837
302600.5706005599,4124005.7775391247,1.5446199100984292
302600.57190923125,4124005.8275219956,1.5446199100984292
302600.5732179026,4124005.8775048666,1.5446199098546702
302600.574526574,4124005.927487737,1.5446199112621837
302600.5758352453,4124005.977470608,1.5446199100984292
302600.5771439167,4124006.027453479,1.5446199100984292
302600.57845258806,4124006.07743635,1.5446199100984292
302600.57976125943,4124006.1274192207,1.5446199089346748
302600.58106993086,4124006.1774020917,1.5446199077709204
302600.58237860235,4124006.2273849626,1.5446199075271614
302600.58368727384,4124006.277367833,1.544619906607166
302600.5849959454,4124006.327350704,1.5446199054434115
302600.586304617,4124006.377333575,1.5446199054434115
302600.5876132886,4124006.427316446,1.5446199054434115
302600.5889219602,4124006.477299317,1.5446199042796571
302600.5902306319,4124006.5272821877,1.5446199028721437
302600.5915393036,4124006.577265058,1.5446199019521485
302600.5928479754,4124006.627247929,1.5446198996246396
302600.5941566473,4124006.6772308,1.544619894969622
302600.5954653194,4124006.727213671,1.5446198938058675
302600.5967739916,4124006.777196542,1.5446198889070908
302600.598082664,4124006.8271794124,1.5446198868233412
302600.59939133655,4124006.8771622833,1.5446198833320781
302600.60070000926,4124006.927145154,1.544619877513306
302600.60200868227,4124006.977128025,1.5446198702870202
302600.6033173556,4124007.0271108956,1.5446198623844989
302600.6046260294,4124007.0770937665,1.5446198554019726
302600.6059347035,4124007.1270766375,1.5446198472556918
302600.607243378,4124007.1770595084,1.5446198365381425
302600.60855205305,4124007.227042379,1.544619823980604
302600.6098607287,4124007.27702525,1.5446198097717914
302600.6111694051,4124007.3270081202,1.544619791395481
302600.6124780824,4124007.376990991,1.5446197736954048
302600.6137867606,4124007.4269738616,1.5446197518278317
302600.6150954399,4124007.4769567326,1.54461972481772
302600.6164041205,4124007.526939603,1.5446196957238603
302600.6177128026,4124007.5769224735,1.5446196633824985
302600.6190214863,4124007.6269053444,1.5446196224073334
302600.62033017207,4124007.676888215,1.5446195779409044
302600.62163886003,4124007.726871085,1.5446195258157192
302600.6229475506,4124007.7768539554,1.5446194653004912
302600.6242562442,4124007.826836826,1.5446193952314646
302600.6255649413,4124007.876819696,1.5446193160961665
302600.6268736424,4124007.926802566,1.5446192253233249
302600.628182348,4124007.976785436,1.5446191170941679
302600.629491059,4124008.026768306,1.5446189969837005
302600.630799776,4124008.0767511753,1.5446188584969305
302600.63210849994,4124008.126734045,1.5446186967350743
302600.63341723196,4124008.1767169144,1.5446185147018514
302600.63472597307,4124008.226699783,1.5446183019785775
302600.6360347248,4124008.276682652,1.544618059430123
302600.6373434887,4124008.32666552,1.5446177801290812
302600.6386522665,4124008.3766483883,1.5446174645078778
302600.63996106014,4124008.426631256,1.5446171035002554
302600.6412698718,4124008.476614123,1.5446166889599353
302600.64257870417,4124008.52659699,1.5446162150681482
302600.64388756023,4124008.576579856,1.5446156731910197
302600.64519644337,4124008.626562721,1.5446150540737524
302600.64650535746,4124008.676545586,1.5446143446159992
302600.647814307,4124008.7265284494,1.5446135341554343
302600.6491232971,4124008.776511312,1.544612607075629
302600.65043233347,4124008.826494173,1.544611549655352
302600.6517414227,4124008.876477033,1.5446103456020563
302600.65305057215,4124008.9264598913,1.5446089704769221
302600.6543597903,4124008.976442748,1.544607399109512
302600.655669087,4124009.0264256024,1.5446056059528281
302600.65697847336,4124009.0764084547,1.5446035609375173
302600.6582879619,4124009.126391304,1.5446012305585752
302600.65959756693,4124009.1763741504,1.5445985720010542
302600.66090730485,4124009.2263569934,1.5445955393906636
302600.66221719433,4124009.276339832,1.544592082010197
302600.66352725663,4124009.326322667,1.5445881421036978
302600.66483751585,4124009.376305496,1.544583651741816
302600.6661479995,4124009.4262883193,1.544578531301256
302600.66745873913,4124009.476271136,1.5445726990750879
302600.66876977024,4124009.526253945,1.5445660517334012
302600.6700811336,4124009.5762367453,1.5445584775560024
302600.67139287555,4124009.6262195357,1.5445498494496237
302600.67270504875,4124009.676202315,1.5445400193732668
302600.6740177133,4124009.726185081,1.544528819746521
302600.6753309376,4124009.7761678323,1.5445160646138574
302600.6766447995,4124009.8261505673,1.5445015365387331
302600.6779593875,4124009.8761332827,1.5444849860490224
302600.67927480274,4124009.9261159766,1.544466138683633
302600.68059116,4124009.9760986455,1.5444446737377728
302600.6819085902,4124010.0260812864,1.5444202283041728
302600.6832272422,4124010.0760638947,1.5443923897431304
302600.68454728567,4124010.1260464666,1.5443606892452737
302600.6858689136,4124010.1760289967,1.544324590076614
302600.68719234585,4124010.226011479,1.5442834891703454
302600.68851783243,4124010.2759939064,1.5442366901141054
302600.68984565814,4124010.325976272,1.5441834089673145
302600.69117614697,4124010.375958567,1.5441227512327589
302600.6925096676,4124010.425940781,1.544053701881596
302600.6938466395,4124010.475922903,1.543975104743848
302600.6951875398,4124010.5259049195,1.5438856480383698
302600.69653291133,4124010.575886816,1.5437838432646944
302600.69788337126,4124010.625868575,1.543668004746285
302600.699239621,4124010.6758501776,1.5435362168892184
302600.7006024577,4124010.725831601,1.5433863122307467
302600.7019727868,4124010.775812819,1.5432158411754593
302600.70335163624,4124010.8257938027,1.5430220357819233
302600.70474017225,4124010.8757745186,1.5428017736989272
302600.7061397171,4124010.925754927,1.5425515495784319
302600.70755176817,4124010.975734984,1.542267416358748
302600.7089780202,4124011.0257146372,1.5419449727515109
302600.71042038774,4124011.075693828,1.5415793024102016
302600.7118810311,4124011.125672488,1.54116496708137
302600.71336238226,4124011.175650538,1.540695967320129
302600.71486717294,4124011.2256278875,1.5401657408141605
302600.7163984627,4124011.275604432,1.5395672027124008
302600.71795966505,4124011.3255800502,1.5388927854418855
302600.71955457143,4124011.3755546035,1.5381345672480997
302600.72118736897,4124011.425527933,1.5372844753380785
302600.7228626478,4124011.4754998554,1.536334605874448
302600.7245853926,4124011.525470163,1.5352777052979152
302600.7263609501,4124011.575438621,1.534107888907261
302600.7281949602,4124011.6254049665,1.532821688436178
302600.7300932355,4124011.6753689107,1.5314195231423486
302600.73206156655,4124011.725330143,1.5299077940047732
302600.73410542315,4124011.7752883416,1.528301819662086
302600.73622950865,4124011.825243193,1.5266299077611207
302600.73843711126,4124011.875194424,1.5249390244412437
302600.7407291724,4124011.9251418514,1.5232933925700707
302600.7431034256,4124011.975085441,1.5217319442285304
302600.7455556603,4124012.0250252644,1.5202763165339006
302600.7480805862,4124012.0749614667,1.5189365036534213
302600.7506724151,4124012.1248942427,1.517714832348147
302600.7533252435,4124012.174823816,1.516608708095711
302600.7560332986,4124012.224750425,1.515612524037582
302600.75879108853,4124012.2746743127,1.514718953679626
302600.76159348787,4124012.3245957163,1.5139091326052987
302600.7644363137,4124012.3745148345,1.513193809596574
302600.7673148471,4124012.424431906,1.5125612242025483
302600.7702249567,4124012.474347146,1.5119979444398135
302600.7731631821,4124012.52426074,1.5114964849397345
302600.7761264367,4124012.574172853,1.5110498981697076
302600.77911198116,4124012.624083638,1.5106517981636527
302600.78211739485,4124012.673993231,1.5102963508354266
302600.7851405486,4124012.7239017524,1.5099782381253901
302600.7881795787,4124012.7738093096,1.5096926223995453
302600.7912328631,4124012.8237159965,1.5094351139645452
302600.7942989988,4124012.873621896,1.509201700234784
302600.7973767831,4124012.9235270782,1.508988722966394
302600.800465196,4124012.973431604,1.5087928184851367
302600.8035633854,4124013.0233355234,1.5086108775634246
302600.8066706543,4124013.0732388785,1.50843999722508
302600.80978645064,4124013.1231417023,1.5082774435464046
302600.8129103588,4124013.1730440184,1.508120606926555
302600.8160420935,4124013.2229458443,1.5079669649082745
302600.8191814952,4124013.2728471886,1.5078140461489895
302600.82232852763,4124013.322748052,1.5076593839724828
302600.82548327785,4124013.372648428,1.5075004832128043
302600.8286459572,4124013.4225483024,1.507334782488455
302600.831816905,4124013.472447652,1.5071596111898335
302600.83499659365,4124013.522346445,1.5069721511571565
302600.83818563627,4124013.572244641,1.5067693820574732
302600.84138479666,4124013.6221421896,1.5065480528670039
302600.84459500073,4124013.6720390287,1.506304612847751
302600.8478173516,4124013.7219350846,1.5060351789362478
302600.851053146,4124013.7718302705,1.5057354596127956
302600.85430389486,4124013.8217244847,1.505400707247
302600.8575713457,4124013.8716176073,1.5050256438511
302600.86085750937,4124013.9215095006,1.5046043993599412
302600.86416468944,4124013.9714000053,1.5041304366313935
302600.8674955154,4124014.021288937,1.5035964689208454
302600.8708529799,4124014.0711760824,1.5029943996352115
302600.8742404793,4124014.1210611975,1.502315235161628
302600.8776618581,4124014.1709439997,1.5015490430161371
302600.8811214557,4124014.2208241657,1.5006848824916992
302600.88462415646,4124014.2707013236,1.4997108132864247
302600.8881754393,4124014.3205750454,1.4986139165388013
302600.8917814264,4124014.370444842,1.4973804092241516
302600.8954489255,4124014.4203101536,1.4959958603772208
302600.89918546204,4124014.4701703396,1.4944455815408746
302600.9029992914,4124014.5200246745,1.4926779482800057
302600.9069012389,4124014.5698721902,1.490747448702752
302600.9108994095,4124014.619712078,1.488614900521326
302600.91500385676,4124014.6695433245,1.48627540655808
302600.91922487225,4124014.7193648284,1.4837334744540511
302600.92357251653,4124014.769175438,1.4810072643058951
302600.92805593833,4124014.8189740065,1.4781356524314881
302600.9326823432,4124014.86875949,1.4751882952384947
302600.937455463,4124014.9185311184,1.4722798762617733
302600.94237331906,4124014.968288653,1.4694900357462448
302600.9474299714,4124015.018032274,1.4668665902944196
302600.9526171061,4124015.06776246,1.4644351910728068
302600.9579251395,4124015.1174798897,1.4622062862916883
302600.9633439753,4124015.1671853666,1.4601801347929502
302600.96886351105,4124015.216879765,1.4583503703621246
302600.9744739668,4124015.266563983,1.4567065422743648
302600.9801660875,4124015.3162389137,1.4552358973076187
302600.98593125644,4124015.3659054213,1.4539245972183839
302600.99176154827,4124015.415564328,1.452758547035613
302600.99764974107,4124015.465216404,1.4517239580172814
302601.0035893003,4124015.5148623623,1.450807668012397
302601.0095743473,4124015.5645028586,1.4499973547647418
302601.01559961675,4124015.6141384896,1.4492816360131688
302601.0216604098,4124015.6637697956,1.4486501060420707
302601.02775254543,4124015.713397265,1.4480933265650573
302601.0338723117,4124015.763021335,1.4476027881931823
302601.0400164198,4124015.8126423974,1.447170857337067
302601.0461819602,4124015.8622608017,1.4467907056790492
302601.0523663627,4124015.9118768587,1.4464562673570425
302601.05856735836,4124015.9614908444,1.446162139623719
302601.0647829466,4124016.011103004,1.4459035308462571
302601.07101136487,4124016.0607135557,1.4456762038609883
302601.07725106075,4124016.1103226896,1.4454764159431028
302601.08350066777,4124016.1599305756,1.4453008575820483
302601.0897589839,4124016.2095373645,1.445146610777901
302601.0960249515,4124016.2591431867,1.4450111065263112
302601.10229764093,4124016.30874816,1.4448920771958553
302601.1085762348,4124016.3583523864,1.4447875301338302
302601.1148600145,4124016.4079559557,1.4446957060644738
302601.1211483491,4124016.457558948,1.4446150639618764
302601.12744068366,4124016.507161433,1.4445442454078794
302601.1337365311,4124016.5567634725,1.4444820593579824
302601.140035463,4124016.60636512,1.4444274558419274
302601.14633710333,4124016.655966424,1.4443795071972128
302601.15264112194,4124016.705567425,1.4443374060380632
302601.15894722886,4124016.7551681614,1.4443004453361858
302601.16525516903,4124016.8047686643,1.4442679955556732
302601.1715647187,4124016.8543689623,1.4442395068467262
302601.17787568143,4124016.9039690807,1.4442144986711885
302601.1841878846,4124016.9535690416,1.4441925423955315
302601.19050117675,4124017.0031688632,1.4441732707815114
302601.19681542483,4124017.052768564,1.4441563545107547
302601.2031305119,4124017.1023681574,1.444141504832123
302601.2094463355,4124017.151967657,1.4441284734145463
302601.2157628055,4124017.2015670743,1.444117039577884
302601.2220798426,4124017.2511664196,1.4441070034717642
302601.2283973774,4124017.300765701,1.4440981999783962
302601.234715349,4124017.3503649277,1.4440904684237548
302601.24103370396,4124017.399964105,1.4440836887503088
302601.2473523952,4124017.4495632392,1.4440777408127268
302601.2536713815,4124017.4991623363,1.4440725205885439
302601.25999062666,4124017.5487614,1.4440679461522894
302601.26631009876,4124017.598360435,1.444063931936214
302601.2726297699,4124017.6479594447,1.444060413292771
302601.2789496156,4124017.697558432,1.4440573278619289
302601.28526961437,4124017.7471574,1.444054621300241
302601.29158974736,4124017.796756351,1.4440522474150144
302601.29790999804,4124017.8463552864,1.4440501692970296
302601.3042303519,4124017.8959542094,1.4440483452607682
302601.3105507961,4124017.94555312,1.4440467511449089
302601.31687131943,4124017.9951520213,1.4440453499280146
302601.32319191226,4124018.0447509135,1.4440441242878503
302601.32951256586,4124018.094349798,1.4440430499958232
302601.3358332728,4124018.1439486756,1.444042109684717
302601.3421540263,4124018.1935475473,1.4440412883644598
302601.3484748206,4124018.243146414,1.4440405675355115
302601.35479565064,4124018.292745276,1.4440399402689847
302601.36111651175,4124018.3423441336,1.4440393904200337
302601.36743740016,4124018.391942988,1.444038907572804
302601.37375831255,4124018.44154184,1.4440384847758645
302601.3800792459,4124018.491140689,1.444038115100327
302601.3864001975,4124018.540739535,1.444037795149423
302601.3927211651,4124018.5903383796,1.4440375132622338
302601.3990421466,4124018.639937222,1.444037266087121
302601.4053631404,4124018.6895360635,1.4440370523564583
302601.41168414475,4124018.739134903,1.4440368652316244
302601.4180051584,4124018.7887337417,1.4440367034901078
302601.4243261801,4124018.838332579,1.444036562580362
302601.43064720876,4124018.887931416,1.4440364378154273
302601.4369682436,4124018.9375302517,1.4440363269082466
302601.44328928395,4124018.9871290866,1.4440362298813925
302601.4496103291,4124019.036727921,1.444036149021919
302601.4559313783,4124019.086326755,1.4440360808879615
302601.4622524309,4124019.135925589,1.4440360161732928
302601.46857348667,4124019.185524422,1.4440359618745142
302601.4748945451,4124019.235123255,1.4440359145271888
302601.4812156059,4124019.2847220874,1.444035871776538
302601.48753666884,4124019.3343209196,1.444035837132154
302601.4938577335,4124019.3839197517,1.4440358059522087
302601.50017879973,4124019.433518584,1.444035778214124
302601.5064998673,4124019.4831174156,1.4440357550952903
302601.512820936,4124019.532716247,1.4440357377956765
302601.5191420056,4124019.5823150785,1.444035718141281
302601.52546307613,4124019.6319139097,1.4440357042835277
302601.5317841474,4124019.681512741,1.444035691580587
302601.53810521925,4124019.731111572,1.4440356800324594
302601.5444262917,4124019.7807104033,1.4440356707713784
302601.5507473646,4124019.830309234,1.4440356650198933
302601.5570684378,4124019.8799080653,1.4440356546039994
302601.5633895115,4124019.929506896,1.4440356488299355
302601.56971058546,4124019.979105727,1.4440356407462462
302601.57603165985,4124020.0287045576,1.444035636126995
302601.58235273446,4124020.0783033883,1.4440356326625567
302601.58867380925,4124020.127902219,1.444035631507744
302601.5949948841,4124020.17750105,1.4440356280433058
302601.6013159591,4124020.2270998806,1.4440356257336802
302601.60763703426,4124020.2766987113,1.4440356222692419
302601.6139581096,4124020.326297542,1.4440356211144292
302601.62027918495,4124020.375896373,1.4440356188048036
302601.62660026044,4124020.4254952036,1.4440356188048036
302601.6329213359,4124020.4750940343,1.444035616495178
302601.63924241153,4124020.524692865,1.4440356164725987
302601.6455634871,4124020.5742916954,1.444035616495178
302601.6518845627,4124020.623890526,1.444035616495178
302601.6582056383,4124020.673489357,1.4440356141855526
302601.664526714,4124020.7230881876,1.4440356153403653
302601.6708477897,4124020.7726870184,1.4440356130081604
302601.6771688654,4124020.8222858487,1.4440356130307397
302601.6834899412,4124020.8718846794,1.4440356130307397
302601.68981101696,4124020.92148351,1.444035611875927
302601.6961320928,4124020.971082341,1.4440356095437221
302601.7024531687,4124021.020681171,1.444035611875927
302601.70877424453,4124021.070280002,1.444035611875927
302601.71509532037,4124021.1198788327,1.444035611875927
302601.7214163962,4124021.1694776635,1.4440356118533475
302601.727737472,4124021.2190764938,1.444035611875927
302601.7340585478,4124021.2686753245,1.4440356130307397
302601.7403796236,4124021.3182741553,1.444035611875927
302601.74670069944,4124021.367872986,1.4440356106985348
302601.7530217753,4124021.4174718163,1.444035611875927
302601.7593428511,4124021.467070647,1.444035611875927
302601.76566392696,4124021.516669478,1.4440356107211143
302601.77198500285,4124021.5662683086,1.4440356106985348
302601.7783060787,4124021.615867139,1.4440356130307397
302601.78462715447,4124021.6654659696,1.444035611875927
302601.7909482303,4124021.7150648003,1.444035611875927
302601.79726930615,4124021.764663631,1.4440356106985348
302601.803590382,4124021.8142624614,1.4440356130307397
302601.80991145776,4124021.863861292,1.4440356130307397
302601.81623253354,4124021.913460123,1.4440356107211143
302601.82255360944,4124021.9630589536,1.4440356118533475
302601.8288746852,4124022.012657784,1.444035611875927
302601.83519576106,4124022.0622566147,1.444035611875927
302601.8415168369,4124022.1118554454,1.4440356107211143
302601.8478379128,4124022.161454276,1.4440356106985348
302601.85415898863,4124022.2110531065,1.4440356130307397
302601.8604800644,4124022.260651937,1.444035611875927
302601.86680114025,4124022.310250768,1.444035611875927
302601.8731222161,4124022.3598495987,1.4440356106985348
302601.8794432919,4124022.409448429,1.4440356130307397
302601.8857643677,4124022.4590472598,1.444035611875927
302601.89208544354,4124022.5086460905,1.444035611875927
302601.8984065194,4124022.5582449213,1.4440356106985348
302601.9047275952,4124022.6078437516,1.4440356130307397
302601.911048671,4124022.6574425823,1.4440356107211143
302601.9173697469,4124022.707041413,1.444035611875927
302601.92369082273,4124022.756640244,1.4440356106985348
302601.93001189857,4124022.806239074,1.444035611875927
302601.9363329744,4124022.855837905,1.4440356130307397
302601.9426540502,4124022.9054367356,1.444035611875927
302601.948975126,4124022.9550355664,1.4440356106985348
302601.95529620186,4124023.0046343966,1.4440356130307397
302601.96161727764,4124023.0542332274,1.444035611875927
302601.9679383535,4124023.103832058,1.444035611875927
302601.9742594293,4124023.153430889,1.4440356106985348
302601.98058050516,4124023.203029719,1.4440356130307397
302601.98690158094,4124023.25262855,1.4440356107211143
302601.99322265683,4124023.3022273807,1.4440356107211143
302601.99954373273,4124023.3518262114,1.4440356106985348
302602.00586480857,4124023.4014250417,1.4440356130307397
302602.01218588435,4124023.4510238725,1.4440356130307397
302602.0185069601,4124023.500622703,1.444035611875927
302602.02482803597,4124023.550221534,1.4440356106985348
302602.0311491118,4124023.5998203643,1.4440356130307397
302602.0374701876,4124023.649419195,1.444035611875927
302602.0437912634,4124023.699018026,1.444035611875927
302602.05011233926,4124023.7486168565,1.4440356106985348
302602.0564334151,4124023.798215687,1.4440356130307397
302602.0627544909,4124023.8478145176,1.4440356107211143
302602.0690755668,4124023.8974133483,1.4440356107211143
302602.0753966427,4124023.947012179,1.4440356106985348
302602.0817177185,4124023.9966110094,1.4440356130307397
302602.0880387943,4124024.04620984,1.4440356130307397
302602.09435987007,4124024.095808671,1.4440356107211143
302602.10068094596,4124024.1454075016,1.4440356118533475
302602.10700202174,4124024.195006332,1.444035611875927
302602.1133230976,4124024.2446051626,1.4440356130307397
302602.11964417336,4124024.2942039934,1.444035611875927
302602.1259652492,4124024.343802824,1.4440356106985348
302602.13228632504,4124024.3934016544,1.4440356107211143
302602.13860740094,4124024.443000485,1.444035611875927
302602.1449284768,4124024.492599316,1.4440356106985348
302602.1512495526,4124024.542198146,1.4440356130307397
302602.1575706284,4124024.591796977,1.4440356130307397
302602.1638917042,4124024.6413958077,1.4440356107211143
302602.17021278007,4124024.6909946385,1.4440356106985348
302602.1765338559,4124024.740593469,1.4440356130307397
302602.1828549317,4124024.7901922995,1.4440356130307397
302602.18917600746,4124024.8397911303,1.444035611875927
302602.1954970833,4124024.889389961,1.4440356095437221
302602.2018181592,4124024.9389887913,1.444035611875927
302602.20813923504,4124024.988587622,1.444035611875927
302602.2144603109,4124025.038186453,1.444035611875927
302602.2207813867,4124025.0877852836,1.4440356106985348
302602.22710246255,4124025.137384114,1.4440356130307397
302602.23342353833,4124025.1869829446,1.444035611875927
302602.23974461417,4124025.2365817754,1.444035611875927
302602.24606569,4124025.286180606,1.4440356106985348
302602.25238676585,4124025.3357794364,1.4440356130307397
302602.2587078416,4124025.385378267,1.4440356130307397
302602.2650289174,4124025.434977098,1.4440356107211143
302602.2713499933,4124025.4845759287,1.4440356095437221
302602.2776710692,4124025.534174759,1.444035611875927
302602.28399214504,4124025.5837735897,1.4440356130307397
302602.2903132208,4124025.6333724204,1.444035611875927
302602.29663429665,4124025.682971251,1.4440356106985348
302602.3029553725,4124025.7325700815,1.4440356130307397
302602.3092764483,4124025.7821689122,1.444035611875927
302602.3155975241,4124025.831767743,1.444035611875927
302602.32191859995,4124025.8813665737,1.4440356106985348
302602.3282396758,4124025.930965404,1.4440356130307397
302602.33456075157,4124025.980564235,1.4440356130307397
302602.34088182735,4124026.0301630655,1.4440356107211143
302602.34720290324,4124026.0797618963,1.4440356106985348
302602.3535239791,4124026.1293607266,1.444035611875927
302602.3598450549,4124026.1789595573,1.444035611875927
302602.36616613076,4124026.228558388,1.444035611875927
302602.3724872066,4124026.278157219,1.4440356106985348
302602.37880828243,4124026.327756049,1.444035611875927
302602.38512935827,4124026.37735488,1.4440356130307397
302602.39145043405,4124026.4269537106,1.444035611875927
302602.3977715099,4124026.4765525414,1.4440356106985348
302602.4040925857,4124026.5261513717,1.4440356130307397
302602.4104136615,4124026.5757502024,1.444035611875927
302602.41673473734,4124026.625349033,1.444035611875927
302602.4230558132,4124026.674947864,1.4440356106985348
302602.429376889,4124026.724546694,1.4440356130307397
302602.4356979648,4124026.774145525,1.444035611875927
302602.44201904064,4124026.8237443557,1.4440356095663014
302602.4483401166,4124026.8733431865,1.4440356106985348
302602.45466119243,4124026.9229420167,1.4440356130307397
302602.4609822682,4124026.9725408475,1.4440356130307397
302602.467303344,4124027.0221396782,1.444035611875927
302602.4736244198,4124027.071738509,1.4440356106985348
302602.47994549567,4124027.1213373393,1.444035611875927
302602.4862665715,4124027.17093617,1.4440356130307397
302602.4925876473,4124027.220535001,1.444035611875927
302602.4989087231,4124027.2701338315,1.4440356106985348
302602.50522979896,4124027.319732662,1.4440356130307397
302602.51155087474,4124027.3693314926,1.4440356107211143
302602.51787195064,4124027.4189303233,1.4440356107211143
302602.52419302653,4124027.468529154,1.4440356106985348
302602.5305141024,4124027.5181279844,1.4440356130307397
302602.53683517815,4124027.567726815,1.4440356130307397
302602.54315625393,4124027.617325646,1.444035611875927
302602.54947732977,4124027.6669244766,1.4440356106985348
302602.5557984056,4124027.716523307,1.4440356130307397
302602.5621194814,4124027.7661221377,1.444035611875927
302602.5684405572,4124027.8157209684,1.4440356107211143
302602.5747616331,4124027.865319799,1.4440356106985348
302602.58108270896,4124027.9149186295,1.444035611875927
302602.5874037848,4124027.96451746,1.444035611875927
302602.59372486064,4124028.014116291,1.444035611875927
302602.6000459365,4124028.0637151217,1.4440356118533475
302602.60636701225,4124028.113313952,1.4440356130307397
302602.61268808803,4124028.1629127827,1.444035611875927
302602.6190091639,4124028.2125116135,1.4440356107211143
302602.62533023977,4124028.2621104443,1.4440356118533475
302602.63165131555,4124028.3117092745,1.4440356130307397
302602.6379723913,4124028.3613081053,1.444035611875927
302602.64429346716,4124028.410906936,1.4440356107211143
302602.65061454306,4124028.460505767,1.4440356095437221
302602.65693561896,4124028.510104597,1.4440356130307397
302602.66325669474,4124028.559703428,1.444035611875927
302602.6695777706,4124028.6093022586,1.444035611875927
302602.6758988464,4124028.6589010893,1.4440356118533475
302602.6822199222,4124028.7084999196,1.4440356130307397
302602.688540998,4124028.7580987504,1.4440356107211143
302602.69486207387,4124028.807697581,1.444035611875927
302602.7011831497,4124028.857296412,1.4440356118533475
302602.7075042255,4124028.906895242,1.4440356130307397
302602.71382530127,4124028.956494073,1.444035611875927
302602.7201463771,4124029.0060929037,1.4440356107211143
302602.726467453,4124029.0556917344,1.4440356095437221
302602.7327885289,4124029.1052905647,1.4440356130307397
302602.7391096047,4124029.1548893955,1.444035611875927
302602.7454306805,4124029.204488226,1.444035611875927
302602.75175175635,4124029.254087057,1.4440356118533475
302602.75807283213,4124029.3036858873,1.444035611875927
302602.764393908,4124029.353284718,1.444035611875927
302602.7707149838,4124029.4028835488,1.444035611875927
302602.77703605965,4124029.4524823795,1.4440356118533475
302602.7833571354,4124029.50208121,1.4440356130307397
302602.7896782112,4124029.5516800405,1.4440356107211143
302602.7959992871,4124029.6012788713,1.4440356107211143
302602.802320363,4124029.650877702,1.4440356106985348
302602.80864143884,4124029.7004765323,1.4440356130307397
302602.8149625146,4124029.750075363,1.444035611875927
302602.82128359046,4124029.799674194,1.444035611875927
302602.8276046663,4124029.8492730246,1.4440356106985348
302602.83392574213,4124029.898871855,1.4440356130307397
302602.8402468179,4124029.9484706856,1.444035611875927
302602.84656789375,4124029.9980695164,1.444035611875927
302602.8528889696,4124030.047668347,1.4440356118533475
302602.85921004537,4124030.0972671774,1.444035611875927
302602.8655311212,4124030.146866008,1.444035611875927
302602.87185219704,4124030.196464839,1.4440356107211143
302602.87817327294,4124030.2460636697,1.4440356106985348
302602.8844943488,4124030.2956625,1.4440356130307397
302602.89081542456,4124030.3452613307,1.444035611875927
302602.8971365004,4124030.3948601615,1.4440356107211143
302602.9034575763,4124030.444458992,1.4440356118533475
302602.9097786521,4124030.4940578225,1.4440356130307397
302602.91609972785,4124030.5436566533,1.444035611875927
302602.9224208037,4124030.593255484,1.444035611875927
302602.9287418795,4124030.6428543148,1.4440356106985348
302602.93506295537,4124030.692453145,1.4440356130307397
302602.94138403115,4124030.742051976,1.4440356107211143
302602.94770510704,4124030.7916508066,1.444035611875927
302602.9540261829,4124030.8412496373,1.4440356118533475
302602.96034725866,4124030.8908484676,1.444035611875927
302602.9666683345,4124030.9404472983,1.4440356107211143
302602.9729894104,4124030.990046129,1.4440356130307397
302602.9793104862,4124031.03964496,1.4440356118533475
302602.98563156195,4124031.08924379,1.444035611875927
302602.9919526378,4124031.138842621,1.444035611875927
302602.99827371363,4124031.1884414516,1.444035611875927
302603.00459478947,4124031.2380402824,1.4440356106985348
302603.0109158653,4124031.2876391127,1.4440356107211143
302603.0172369412,4124031.3372379434,1.444035611875927
302603.02355801704,4124031.386836774,1.4440356130307397
302603.0298790928,4124031.436435605,1.4440356106985348
302603.03620016866,4124031.486034435,1.4440356141855526
302603.0425212444,4124031.535633266,1.4440356153403653
302603.04884232004,4124031.5852320967,1.4440356141855526
302603.05516339577,4124031.6348309275,1.444035615317786
302603.0614844714,4124031.6844297578,1.444035616495178
302603.067805547,4124031.7340285885,1.4440356176499909
302603.0741266225,4124031.7836274193,1.4440356188048036
302603.080447698,4124031.83322625,1.4440356176499909
302603.08676877356,4124031.882825081,1.4440356199596163
302603.093089849,4124031.9324239115,1.4440356211144292
302603.09941092436,4124031.9820227423,1.4440356234014753
302603.10573199956,4124032.0316215726,1.4440356280433058
302603.1120530746,4124032.0812204033,1.4440356326625567
302603.1183741494,4124032.130819234,1.444035636126995
302603.124695224,4124032.180418065,1.4440356396140124
302603.1310162985,4124032.230016896,1.4440356430558716
302603.13733737275,4124032.279615727,1.4440356499847484
302603.1436584467,4124032.3292145575,1.4440356580684377
302603.1499795202,4124032.3788133883,1.444035667329519
302603.1563005933,4124032.4284122195,1.444035676568021
302603.1626216659,4124032.4780110507,1.4440356869387574
302603.168942738,4124032.5276098815,1.4440356996642765
302603.17526380945,4124032.5772087127,1.4440357169864682
302603.18158488005,4124032.626807544,1.4440357343312382
302603.18790594983,4124032.6764063756,1.4440357551178682
302603.19422701857,4124032.7260052073,1.4440357759044984
302603.20054808626,4124032.775604039,1.4440358024651927
302603.2068691526,4124032.8252028706,1.444035837132154
302603.21319021727,4124032.874801703,1.444035872931351
302603.2195112801,4124032.924400535,1.4440359179916271
302603.2258323408,4124032.9739993676,1.4440359664937654
302603.232153399,4124033.0235982,1.444036024279558
302603.2384744544,4124033.0731970337,1.4440360889490764
302603.2447955065,4124033.1227958673,1.4440361651892988
302603.2511165549,4124033.1723947013,1.444036253000223
302603.25743759895,4124033.221993536,1.444036353491515
302603.263758638,4124033.2715923716,1.4440364689953755
302603.2700796713,4124033.3211912075,1.4440366029988139
302603.27640069794,4124033.3707900443,1.4440367554792588
302603.282721717,4124033.420388882,1.444036932233343
302603.2890427274,4124033.469987721,1.444037130906307
302603.29536372784,4124033.5195865612,1.444037366578416
302603.30168471666,4124033.569185403,1.444037634562727
302603.30800569215,4124033.6187842465,1.444037940700989
302603.3143266525,4124033.668383092,1.444038289544778
302603.3206475955,4124033.7179819397,1.4440386926873443
302603.3269685185,4124033.7675807895,1.4440391570801112
302603.3332894185,4124033.8171796426,1.4440396849876065
302603.3396102923,4124033.866778499,1.444040289135327
302603.3459311361,4124033.916377359,1.4440409857131926
302603.3522519454,4124033.965976224,1.4440417770082932
302603.3585727155,4124034.0155750937,1.4440426803203281
302603.3648934407,4124034.0651739687,1.4440437211452612
302603.3712141143,4124034.1147728506,1.444044909808877
302603.37753472896,4124034.16437174,1.4440462659655333
302603.38385527633,4124034.213970638,1.4440478116016486
302603.3901757471,4124034.263569546,1.44404958013944
302603.3964961301,4124034.3131684647,1.4440516028487402
302603.4028164128,4124034.3627673965,1.444053910864659
302603.409136581,4124034.4123663427,1.4440565423409448
302603.4154566187,4124034.4619653057,1.4440595457574787
302603.4217765074,4124034.5115642874,1.4440629777896716
302603.42809622595,4124034.5611632913,1.4440668891601138
302603.43441575044,4124034.6107623195,1.444071351579036
302603.4407350536,4124034.660361376,1.4440764435517184
302603.44705410424,4124034.709960465,1.4440822482473958
302603.4533728669,4124034.75955959,1.4440888696883678
302603.4596913012,4124034.8091587573,1.4440964152286475
302603.46600936126,4124034.8587579723,1.444105016584177
302603.47232699464,4124034.908357241,1.4441148239695742
302603.47864414164,4124034.9579565725,1.4441260013479187
302603.4849607342,4124035.007555974,1.4441387405508412
302603.491276695,4124035.057155457,1.444153254023408
302603.4975919358,4124035.1067550303,1.4441697960433217
302603.5039063562,4124035.156354709,1.444188639086531
302603.51021984196,4124035.205954506,1.4442101101835256
302603.5165322628,4124035.255554439,1.444234569684907
302603.52284347045,4124035.3051545266,1.4442624311281154
302603.52915329614,4124035.3547547897,1.4442941716286262
302603.5354615475,4124035.404355253,1.444330320228947
302603.5417680058,4124035.453955944,1.4443714915107144
302603.54807242204,4124035.503556895,1.4444183808555986
302603.5543745125,4124035.5531581417,1.444471774919857
302603.56067395455,4124035.6027597245,1.4445325759213914
302603.5669703808,4124035.6523616905,1.4446018015113815
302603.5732633732,4124035.701964092,1.4446806172921094
302603.5795524562,4124035.7515669893,1.4447703412925397
302603.58583708864,4124035.801170451,1.44487246941821
302603.5921166551,4124035.850774554,1.4449887044148317
302603.59839045577,4124035.9003793867,1.44512097305757
302603.60465769516,4124035.9499850483,1.4452714690485917
302603.61091746914,4124035.9995916532,1.4454426620500966
302603.6171687506,4124036.0491993283,1.445637361480912
302603.62341037346,4124036.09880822,1.4458587289697384
302603.62964101427,4124036.1484184917,1.446110346712199
302603.6358591721,4124036.19803033,1.4463962381307671
302603.64206314605,4124036.2476439434,1.4467209349558596
302603.6482510103,4124036.2972595687,1.4470895095586414
302603.65442058694,4124036.3468774706,1.4475076442484578
302603.6605694161,4124036.396497948,1.447981660242994
302603.66669472365,4124036.446121334,1.4485185684288109
302603.6727933871,4124036.4957480016,1.4491260949657112
302603.67886189977,4124036.545378364,1.4498126996692713
302603.6848963345,4124036.595012881,1.4505875577413476
302603.6908923076,4124036.644652058,1.4514605068980402
302603.6968449458,4124036.6942964485,1.4524419351202429
302603.70274885854,4124036.743946656,1.4535425896800742
302603.70859811985,4124036.7936033304,1.454773264240049
302603.71438626526,4124036.8432671633,1.4561443404980903
302603.7201063121,4124036.892938883,1.457665121355071
302603.7257508122,4124036.942619242,1.4593428796423382
302603.73131195246,4124036.9923089975,1.4611815379325281
302603.73678172054,4124037.0420088912,1.463179868063857
302603.7421521607,4124037.0917196134,1.465329046461778
302603.74741575104,4124037.1414417606,1.4676093586618872
302603.7525659457,4124037.19117578,1.4699858073308827
302603.7575979357,4124037.240921899,1.4724021598676895
302603.76250970725,4124037.2906800355,1.4747857445553165
302603.7673028627,4124037.340449743,1.4770958362201863
302603.77198103344,4124037.390230396,1.4793133820126276
302603.7765488023,4124037.4400213053,1.4814338757562506
302603.78101098014,4124037.4898217935,1.4834935689504896
302603.78537057515,4124037.5396313705,1.4854993147060946
302603.78963025595,4124037.5894495896,1.4873802990582592
302603.79379622167,4124037.639275729,1.4892168086087074
302603.79787067394,4124037.689109432,1.4910288350447949
302603.80185481935,4124037.738950433,1.4928370968294695
302603.8057488325,4124037.788798555,1.4946625640039277
302603.8095518429,4124037.8386536986,1.4965260577927686
302603.81326194183,4124037.8885158403,1.4984477672863303
302603.8168762131,4124037.938385016,1.5004466370044025
302603.82039079507,4124037.988261313,1.5025394339116682
302603.82380098815,4124038.0381448525,1.5047393822991804
302603.8271014316,4124038.0880357698,1.5070540899312557
302603.8302863832,4124038.1379341893,1.5094824588607487
302603.8333501536,4124038.1878401926,1.5120101294286854
302603.83628776827,4124038.237753779,1.5146028348943894
302603.839095962,4124038.2876748145,1.5171968014531056
302603.8417746532,4124038.3376029707,1.5197146218673634
302603.8443276261,4124038.387537718,1.5221069153339604
302603.8467611336,4124038.4374784357,1.5243444364478744
302603.8490828919,4124038.487424479,1.5264122641245361
302603.8513013657,4124038.537375221,1.5283055122124356
302603.8534252666,4124038.587330078,1.5300261439660108
302603.85546321067,4124038.6372885182,1.5315806425881306
302603.85742349207,4124038.6872500693,1.5329783105677497
302603.85931394197,4124038.737214313,1.5342300427499596
302603.8611418486,4124038.787180885,1.535347472751172
302603.86291392,4124038.83714947,1.5363423552915645
302603.8646362777,4124038.8871197943,1.5372261831790732
302603.8663144696,4124038.9370916216,1.5380099154912208
302603.86795349646,4124038.9870647495,1.5387038281899321
302603.86955784593,4124039.0370390024,1.5393174344917764
302603.8711315306,4124039.0870142314,1.5398594531419822
302603.87267812755,4124039.1369903055,1.5403378033845243
302603.87420081825,4124039.186967114,1.5407596515199709
302603.8757024262,4124039.2369445604,1.541131435963313
302603.8771854532,4124039.286922562,1.5414589266454608
302603.8786521128,4124039.3369010463,1.5417472683116629
302603.88010436145,4124039.3868799517,1.5420010457620121
302603.88154392655,4124039.436859224,1.5422243312340123
302603.88297233195,4124039.486838816,1.5424219276406417
302603.88439086155,4124039.53681869,1.5425943830840738
302603.8858007718,4124039.5867988076,1.5427459797648295
302603.88720310526,4124039.6367791384,1.542879266842582
302603.88859877695,4124039.6867596554,1.5429964390704927
302603.8899885923,4124039.736740336,1.5430994329819656
302603.89137325995,4124039.7867211592,1.5431899512087508
302603.8927534034,4124039.8367021075,1.5432694990645417
302603.894129571,4124039.8866831656,1.5433393967109403
302603.895502245,4124039.9366643196,1.543400812633224
302603.89687184937,4124039.986645558,1.543454770503029
302603.89823875687,4124040.0366268703,1.5435021724571147
302603.89960329514,4124040.086608247,1.5435438148415104
302603.9009657521,4124040.136589681,1.543580394216708
302603.9023263807,4124040.186571164,1.5436125239687837
302603.90368540346,4124040.236552691,1.5436407431538834
302603.9050430158,4124040.286534257,1.5436655265714225
302603.9063993894,4124040.336515856,1.5436872913406399
302603.90775467514,4124040.3864974845,1.543706404539856
302603.9091090056,4124040.436479139,1.5437231882688631
302603.91046249715,4124040.486460816,1.5437379274854686
302603.91181525204,4124040.5364425136,1.5437508669798736
302603.9131673602,4124040.5864242283,1.5437622262887565
302603.91451890056,4124040.6364059583,1.5437721985908002
302603.9158699425,4124040.686387702,1.5437809549540769
302603.9172205468,4124040.736369457,1.5437886378565828
302603.9185707671,4124040.786351223,1.543795380624047
302603.91992065037,4124040.836332998,1.5438013001323643
302603.92127023777,4124040.8863147805,1.5438064918072631
302603.9226195657,4124040.93629657,1.543811051325825
302603.9239686657,4124040.9862783663,1.5438150503366808
302603.92531756585,4124041.0362601676,1.5438185556750033
302603.9266662908,4124041.0862419736,1.5438216339245319
302603.9280148619,4124041.136223784,1.5438243297171366
302603.92936329823,4124041.186205598,1.5438266959230837
302603.9307116163,4124041.2361874147,1.543828770283976
302603.9320598307,4124041.2861692347,1.5438305930280478
302603.933407954,4124041.3361510574,1.5438321834365432
302603.9347559978,4124041.3861328815,1.543833581168048
302603.93610397173,4124041.436114708,1.5438348038378753
302603.93745188456,4124041.486096536,1.5438358778013124
302603.9387997437,4124041.5360783655,1.5438368174336634
302603.9401475559,4124041.586060196,1.5438376421077775
302603.9414953269,4124041.636042028,1.543838361544092
302603.9428430619,4124041.6860238607,1.5438389907115189
302603.94419076544,4124041.7360056946,1.5438395448981477
302603.9455384413,4124041.785987529,1.5438400269335046
302603.94688609306,4124041.835969364,1.543840448705905
302603.94823372376,4124041.8859511996,1.5438408213506145
302603.9495813358,4124041.935933036,1.5438411460313726
302603.95092893165,4124041.985914872,1.5438414339747784
302603.9522765131,4124042.035896709,1.543841684176799
302603.95362408203,4124042.0858785463,1.5438419020453757
302603.9549716401,4124042.135860384,1.5438420954756136
302603.95631918847,4124042.185842222,1.5438422651292454
302603.95766672835,4124042.2358240597,1.5438424145887273
302603.9590142608,4124042.2858058983,1.5438425460902574
302603.96036178665,4124042.335787737,1.5438426659544848
302603.9617093065,4124042.3857695754,1.543842773017679
302603.963056821,4124042.435751414,1.5438428663671022
302603.9644043309,4124042.485733253,1.5438429513194192
302603.9657518365,4124042.535715092,1.5438430304530848
302603.96709933813,4124042.585696931,1.543843101440638
302603.9684468362,4124042.63567877,1.5438431703517213
302603.9697943309,4124042.6856606095,1.5438432355206224
302603.9711418223,4124042.735642449,1.543843301602265
302603.97248931037,4124042.785624288,1.543843366109414
302603.97383679525,4124042.835606128,1.5438434321910577
302603.9751842768,4124042.8855879675,1.5438434996874206
302603.976531755,4124042.935569807,1.5438435685985008
302603.97787922976,4124042.985551647,1.5438436465684373
302603.9792267006,4124043.035533487,1.5438437268658347
302603.98057416745,4124043.085515327,1.5438438155603298
302603.98192162986,4124043.1354971672,1.5438439153901604
302603.9832690873,4124043.185479007,1.5438440273592628
302603.9846165391,4124043.2354608476,1.5438441521293982
302603.9859639847,4124043.2854426885,1.5438442929407779
302603.98731142323,4124043.3354245294,1.5438444523718453
302603.9886588538,4124043.3854063703,1.5438446330010387
302603.99000627536,4124043.4353882116,1.5438448366538642
302603.9913536867,4124043.485370053,1.543845069650926
302603.99270108645,4124043.535351895,1.5438453340687084
302603.99404847296,4124043.585333737,1.543845635725864
302603.9953958444,4124043.63531558,1.543845980190082
302603.9967431986,4124043.6852974226,1.543846372869178
302603.9980905332,4124043.7352792663,1.543846819992644
302603.9994378454,4124043.7852611104,1.5438473313722427
302604.0007851321,4124043.8352429555,1.5438479134884517
302604.0021323897,4124043.885224801,1.5438485819716699
302604.00347961386,4124043.9352066475,1.543849339149344
302604.0048268002,4124043.9851884954,1.5438502054667567
302604.0061739432,4124044.035170344,1.543851192812164
302604.0075210369,4124044.085152194,1.5438523191433493
302604.0088680743,4124044.1351340455,1.5438536037418942
302604.01021504746,4124044.185115899,1.5438550663912367
302604.0115619475,4124044.2350977543,1.5438567387629956
302604.012908764,4124044.285079612,1.5438586427171908
302604.0142554853,4124044.335061472,1.5438608101762494
302604.0156020983,4124044.385043335,1.5438632813690696
302604.0169485878,4124044.4350252016,1.5438660981900327
302604.01829493645,4124044.4850070714,1.543869305864004
302604.0196411248,4124044.5349889463,1.5438729622367229
302604.0209871304,4124044.5849708254,1.5438771281628985
302604.0223329278,4124044.6349527105,1.543881871550494
302604.0236784881,4124044.684934602,1.5438872750245485
302604.0250237783,4124044.7349165007,1.5438934298573488
302604.0263687609,4124044.7848984078,1.5439004393704523
302604.02771339315,4124044.834880324,1.5439084201875823
302604.0290576265,4124044.884862251,1.5439175096291553
302604.03040140553,4124044.9348441903,1.543927860394458
302604.0317446672,4124044.9848261434,1.5439396484572143
302604.0330873397,4124045.034808113,1.5439530664969747
302604.03442934155,4124045.0847901,1.5439683454334479
302604.0357705797,4124045.134772107,1.5439857432012294
302604.0371109483,4124045.184754138,1.5440055493199745
302604.03845032695,4124045.2347361958,1.5440280996107674
302604.03978857846,4124045.284718283,1.5440537693783394
302604.04112554697,4124045.334700405,1.5440829905358033
302604.0424610549,4124045.384682566,1.5441162577525334
302604.0437949001,4124045.4346647714,1.5441541235555067
302604.0451268527,4124045.484647027,1.5441972243394924
302604.046456651,4124045.5346293407,1.5442462802125763
302604.0477839974,4124045.584611719,1.5443021093597669
302604.04910855327,4124045.6345941713,1.54436564210538
302604.05042993365,4124045.684576708,1.544437932132171
302604.0517477008,4124045.73455934,1.5445201823301888
302604.0530613568,4124045.78454208,1.5446137447949464
302604.05437033635,4124045.8345249426,1.5447201580648853
302604.05567399703,4124045.8845079443,1.5448411603579295
302604.05697160965,4124045.9344911035,1.544978716150439
302604.0582623468,4124045.9844744406,1.545135036877845
302604.05954527046,4124046.034457979,1.54531261536973
302604.0608193181,4124046.084441744,1.5455142454262145
302604.0620832875,4124046.134425765,1.545743051817662
302604.0633358202,4124046.184410074,1.5460025056757514
302604.06457538425,4124046.234394706,1.5462964633521097
302604.0658002549,4124046.2843797,1.546629153399795
302604.0670084959,4124046.334365099,1.5470051861314433
302604.0681979407,4124046.3843509485,1.5474295205336706
302604.0693661747,4124046.4343372984,1.5479074036729132
302604.0705105209,4124046.4843242,1.5484442599442871
302604.07162803115,4124046.534311709,1.549045503755199
302604.0727154865,4124046.5842998805,1.54971624103504
302604.0737694127,4124046.6342887697,1.5504608360596697
302604.0747861171,4124046.68427843,1.5512822390004606
302604.07576175954,4124046.7342689075,1.5521810111638696
302604.0766924715,4124046.784260242,1.5531539558912406
302604.07757454424,4124046.834252457,1.5541920882245959
302604.07840471796,4124046.8842455614,1.555277804709433
302604.07918061287,4124046.9342395375,1.5563808611680308
302604.07990136114,4124046.984234339,1.5574578755599227
302604.0805682639,4124047.0342298886,1.558482134230561
302604.0811839579,4124047.084226095,1.5594384171412838
302604.0817518412,4124047.1342228684,1.5603193332514338
302604.08227568126,4124047.1842201226,1.5611227132171006
302604.0827593544,4124047.234217782,1.561849779415147
302604.0832066758,4124047.28421578,1.5625038832731835
302604.0836212932,4124047.33421406,1.5630895992220384
302604.08400662575,4124047.384212575,1.5636121403449672
302604.084365832,4124047.434211284,1.5640769456459558
302604.0847017985,4124047.484210155,1.5644894092011674
302604.0850171423,4124047.53420916,1.564854727379761
302604.0853142205,4124047.5842082775,1.565177782941761
302604.0855951462,4124047.634207488,1.5654631049393357
302604.08586180606,4124047.6842067773,1.5657148424795302
302604.0861158792,4124047.7342061317,1.5659367595806908
302604.0863588566,4124047.784205541,1.566132256929571
302604.08659205923,4124047.8342049974,1.5663043775964336
302604.08681665594,4124047.884204493,1.5664558505485457
302604.08703367907,4124047.934204022,1.5665891019012301
302604.0872440397,4124047.9842035794,1.5667062819085875
302604.08744854137,4124048.034203161,1.5668093079926426
302604.0876478918,4124048.0842027636,1.566899868163103
302604.0878427142,4124048.134202384,1.566979454927361
302604.08803355735,4124048.1842020196,1.567049390789076
302604.0882209037,4124048.2342016688,1.567110836366403
302604.0884051778,4124048.284201329,1.567164820867651
302604.0885867527,4124048.3342009997,1.5672122976264597
302604.0887659538,4124048.384200678,1.5672540444600982
302604.08894306753,4124048.4342003646,1.5672905909545167
302604.08911835396,4124048.4842000576,1.56732269147743
302604.0892920354,4124048.5341997556,1.5673508862900052
302604.08946430706,4124048.584199459,1.5673756480026855
302604.0896353407,4124048.6341991667,1.5673973956447598
302604.0898052869,4124048.684198878,1.5674164936895958
302604.08997427823,4124048.734198592,1.5674332657381091
302604.09014243097,4124048.7841983093,1.5674479958733372
302604.0903098472,4124048.8341980292,1.5674609273395483
302604.09047661687,4124048.884197751,1.567472284879445
302604.09064281866,4124048.9341974747,1.5674822559204806
302604.0908085219,4124048.9841972003,1.5674910126947001
302604.0909737873,4124049.0341969267,1.5674986961870727
302604.09113866853,4124049.084196655,1.567505447136301
302604.0913032122,4124049.1341963843,1.5675113738695434
302604.09146745957,4124049.1841961145,1.5675165753392408
302604.09163144685,4124049.2341958457,1.5675211388563812
302604.09179520595,4124049.2841955777,1.5675251458503014
302604.0919587647,4124049.33419531,1.5675286651580191
302604.0921221475,4124049.3841950432,1.5675317513117308
302604.092285376,4124049.4341947767,1.5675344603122428
302604.092448469,4124049.4841945106,1.5675368386949937
302604.09261144313,4124049.534194245,1.5675389283692713
302604.09277431277,4124049.58419398,1.567540758408428
302604.0929370909,4124049.6341937147,1.5675423637975276
302604.09309978876,4124049.68419345,1.5675437724457617
302604.0932624162,4124049.734193186,1.5675450087396583
302604.0934249818,4124049.784192921,1.5675460902928346
302604.09358749335,4124049.8341926574,1.567547042534872
302604.0937499573,4124049.884192393,1.5675478749302896
302604.0939123796,4124049.9341921294,1.567548606014654
302604.09407476534,4124049.9841918657,1.567549245161643
302604.09423711913,4124050.0341916024,1.5675498050861512
302604.09439944493,4124050.0841913386,1.5675502952223075
302604.0945617462,4124050.1341910753,1.5675507271208755
302604.0947240259,4124050.184190812,1.5675511031403846
302604.0948862868,4124050.234190549,1.5675514314298638
302604.0950485313,4124050.2841902855,1.5675517224666367
302604.09521076124,4124050.334190022,1.56755197741485
302604.0953729784,4124050.384189759,1.5675521997971587
302604.0955351845,4124050.434189496,1.5675523906870694
302604.095697381,4124050.484189233,1.5675525618469026
302604.095859569,4124050.53418897,1.5675527131558158
302604.09602174937,4124050.5841887067,1.5675528412422042
302604.09618392336,4124050.634188444,1.5675529541342657
302604.0963460917,4124050.6841881806,1.5675530531169748
302604.0965082551,4124050.734187918,1.5675531415921538
302604.0966704141,4124050.784187655,1.5675532149334206
302604.0968325694,4124050.834187392,1.5675532824237488
302604.09699472133,4124050.884187129,1.5675533394971597
302604.0971568704,4124050.934186866,1.5675533883913375
302604.09731901705,4124050.984186603,1.5675534337930743
302604.0974811614,4124051.0341863404,1.5675534710457812
302604.0976433039,4124051.0841860776,1.567553503611699
302604.0978054448,4124051.1341858143,1.5675535327455774
302604.0979675842,4124051.1841855515,1.5675535583568134
302604.09812972235,4124051.2341852887,1.5675535816397554
302604.0982918593,4124051.284185026,1.567553600266109
302604.09845399536,4124051.334184763,1.5675536165641684
302604.0986161306,4124051.3841845,1.5675536305339335
302604.0987782651,4124051.4341842374,1.5675536421452045
302604.09894039907,4124051.484183974,1.567553651488581
302604.09910253255,4124051.5341837113,1.567553660801758
302604.09926466556,4124051.5841834485,1.5675536689507876
302604.0994267982,4124051.6341831856,1.5675536782639643
302604.0995889303,4124051.684182923,1.567553685248847
302604.0997510621,4124051.73418266,1.5675536922337296
302604.09991319355,4124051.784182397,1.5675536968903179
302604.10007532476,4124051.8341821344,1.5675537003827593
302604.1002374558,4124051.8841818715,1.5675537015167071
302604.1003995868,4124051.9341816083,1.5675537062034948
302604.1005617175,4124051.9841813454,1.567553708531789
302604.10072384815,4124052.0341810826,1.5675537120242302
302604.1008859786,4124052.08418082,1.5675537143525244
302604.10104810895,4124052.134180557,1.5675537155166714
302604.1012102392,4124052.184180294,1.5675537166808187
302604.10137236945,4124052.2341800313,1.5675537166808187
302604.10153449967,4124052.2841797685,1.5675537178449657
302604.10169662983,4124052.3341795057,1.567553719009113
302604.10185875994,4124052.384179243,1.56755372017326
302604.10202089,4124052.43417898,1.5675537201430607
302604.10218302003,4124052.484178717,1.567553721337407
302604.10234515,4124052.534178454,1.567553721337407
302604.10250728,4124052.584178191,1.5675537225015541
302604.10266940994,4124052.6341779283,1.5675537236657011
302604.1028315398,4124052.6841776655,1.5675537225015541
302604.10299366975,4124052.7341774027,1.5675537236657011
302604.1031557996,4124052.78417714,1.5675537236657011
302604.1033179295,4124052.834176877,1.5675537236657011
302604.10348005936,4124052.884176614,1.5675537225015541
302604.1036421893,4124052.9341763514,1.5675537236657011
302604.10380431917,4124052.9841760886,1.5675537247996492
302604.103966449,4124053.0341758253,1.5675537236657011
302604.10412857885,4124053.0841755625,1.5675537225015541
302604.1042907088,4124053.1341752997,1.5675537236657011
302604.10445283866,4124053.184175037,1.5675537236657011
302604.1046149685,4124053.234174774,1.5675537236657011
302604.1047770984,4124053.284174511,1.5675537236657011
302604.1049392283,4124053.3341742484,1.5675537236657011
302604.10510135815,4124053.3841739856,1.5675537236657011
302604.105263488,4124053.4341737228,1.5675537225015541
302604.10542561795,4124053.48417346,1.5675537236657011
302604.1055877478,4124053.534173197,1.5675537247996492
302604.10574987764,4124053.584172934,1.5675537225015541
302604.10591200757,4124053.634172671,1.5675537236657011
302604.10607413744,4124053.684172408,1.5675537236657011
302604.1062362673,4124053.7341721454,1.5675537236657011
302604.1063983972,4124053.7841718826,1.5675537236657011
302604.10656052706,4124053.8341716197,1.5675537225015541
302604.106722657,4124053.884171357,1.5675537236657011
302604.10688478686,4124053.934171094,1.5675537248298483
302604.1070469167,4124053.9841708313,1.5675537225015541
302604.1072090466,4124054.0341705685,1.5675537236657011
302604.1073711765,4124054.0841703056,1.5675537236355022
302604.10753330635,4124054.1341700424,1.5675537236657011
302604.1076954362,4124054.1841697795,1.5675537236657011
302604.1078575661,4124054.2341695167,1.5675537236657011
302604.10801969597,4124054.284169254,1.5675537236657011
302604.10818182584,4124054.334168991,1.5675537236657011
302604.1083439557,4124054.3841687283,1.5675537225015541
302604.10850608564,4124054.4341684654,1.5675537236657011
302604.1086682155,4124054.4841682026,1.5675537236657011
302604.1088303454,4124054.53416794,1.5675537236657011
302604.10899247526,4124054.584167677,1.5675537236657011
302604.10915460513,4124054.634167414,1.567553722471355
302604.10931673506,4124054.684167151,1.5675537248298483
302604.1094788649,4124054.734166888,1.5675537236657011
302604.10964099475,4124054.7841666252,1.5675537225015541
302604.1098031247,4124054.8341663624,1.5675537236657011
302604.10996525455,4124054.8841660996,1.5675537236657011
302604.1101273844,4124054.934165837,1.5675537236657011
302604.1102895143,4124054.984165574,1.5675537236657011
302604.11045164417,4124055.034165311,1.5675537225015541
302604.1106137741,4124055.0841650483,1.5675537248298483
302604.1107759039,4124055.1341647855,1.5675537236355022
302604.1109380338,4124055.184164522,1.5675537225015541
302604.1111001637,4124055.2341642594,1.5675537236657011
302604.1112622936,4124055.2841639966,1.5675537236657011
302604.11142442346,4124055.3341637338,1.5675537236657011
302604.11158655334,4124055.384163471,1.5675537236657011
302604.1117486832,4124055.434163208,1.5675537236657011
302604.1119108131,4124055.4841629453,1.5675537236657011
302604.11207294295,4124055.5341626825,1.5675537225015541
302604.1122350729,4124055.5841624197,1.5675537236657011
302604.11239720276,4124055.634162157,1.5675537248298483
302604.11255933257,4124055.684161894,1.5675537236355022
302604.11272146244,4124055.7341616307,1.5675537225015541
302604.1128835924,4124055.784161368,1.5675537236657011
302604.11304572225,4124055.834161105,1.5675537236657011
302604.1132078521,4124055.8841608423,1.5675537236657011
302604.113369982,4124055.9341605795,1.5675537225015541
302604.1135321119,4124055.9841603166,1.5675537236657011
302604.1136942418,4124056.034160054,1.5675537248298483
302604.1138563716,4124056.084159791,1.5675537236657011
302604.1140185015,4124056.134159528,1.5675537225015541
302604.1141806314,4124056.1841592654,1.5675537236657011
302604.1143427613,4124056.2341590025,1.5675537236355022
302604.11450489116,4124056.2841587393,1.5675537236657011
302604.11466702103,4124056.3341584764,1.5675537236657011
302604.1148291509,4124056.3841582136,1.5675537236657011
302604.1149912808,4124056.434157951,1.5675537236657011
302604.11515341065,4124056.484157688,1.5675537225015541
302604.1153155406,4124056.534157425,1.5675537236657011
302604.11547767045,4124056.5841571623,1.5675537236657011
302604.1156398003,4124056.6341568995,1.5675537236657011
302604.1158019302,4124056.6841566367,1.5675537236657011
302604.11596406007,4124056.734156374,1.5675537225015541
302604.11612619,4124056.784156111,1.5675537247996492
302604.1162883198,4124056.834155848,1.5675537236657011
302604.1164504497,4124056.884155585,1.5675537225015541
302604.1166125796,4124056.934155322,1.5675537236657011
302604.1167747095,4124056.9841550593,1.5675537236657011
302604.11693683936,4124057.0341547965,1.5675537236657011
302604.11709896923,4124057.0841545337,1.5675537236657011
302604.1172610991,4124057.134154271,1.5675537236657011
302604.117423229,4124057.184154008,1.5675537236657011
302604.11758535885,4124057.234153745,1.5675537236657011
302604.1177474887,4124057.2841534824,1.5675537225015541
302604.11790961865,4124057.3341532196,1.5675537236355022
302604.1180717485,4124057.3841529563,1.5675537236657011
302604.1182338784,4124057.4341526935,1.5675537236657011
302604.11839600827,4124057.4841524307,1.5675537236657011
302604.11855813814,4124057.534152168,1.5675537236657011
302604.118720268,4124057.584151905,1.5675537236657011
302604.1188823979,4124057.634151642,1.5675537236657011
302604.11904452776,4124057.6841513794,1.5675537225015541
302604.1192066577,4124057.7341511166,1.5675537248298483
302604.1193687875,4124057.7841508538,1.5675537236657011
302604.1195309174,4124057.834150591,1.5675537225015541
302604.1196930473,4124057.884150328,1.5675537236355022
302604.1198551772,4124057.934150065,1.5675537236657011
302604.12001730705,4124057.984149802,1.5675537236657011
302604.1201794369,4124058.034149539,1.5675537236657011
302604.1203415668,4124058.0841492764,1.5675537225015541
302604.12050369673,4124058.1341490136,1.5675537248298483
302604.12066582654,4124058.1841487507,1.5675537236657011
302604.1208279564,4124058.234148488,1.5675537225015541
302604.12099008635,4124058.284148225,1.5675537236657011
302604.1211522162,4124058.3341479623,1.5675537236657011
302604.1213143461,4124058.3841476995,1.5675537236657011
302604.12147647596,4124058.4341474366,1.5675537236355022
302604.12163860584,4124058.4841471734,1.5675537225015541
302604.12180073577,4124058.5341469105,1.5675537236657011
302604.12196286564,4124058.5841466477,1.5675537248298483
302604.12212499545,4124058.634146385,1.5675537225015541
302604.1222871254,4124058.684146122,1.5675537236657011
302604.12244925526,4124058.7341458593,1.5675537248298483
302604.1226113851,4124058.7841455964,1.5675537225015541
302604.122773515,4124058.8341453336,1.5675537225015541
302604.12293564493,4124058.884145071,1.5675537248298483
302604.12309777475,4124058.934144808,1.5675537236657011
302604.1232599046,4124058.984144545,1.5675537236355022
302604.1234220345,4124059.034144282,1.5675537225015541
302604.1235841644,4124059.084144019,1.5675537236657011
302604.1237462943,4124059.1341437562,1.5675537248298483
302604.1239084241,4124059.1841434934,1.5675537225015541
302604.12407055404,4124059.2341432306,1.5675537236657011
302604.1242326839,4124059.284142968,1.5675537236657011
302604.1243948138,4124059.334142705,1.5675537236657011
302604.12455694366,4124059.384142442,1.5675537236657011
302604.12471907353,4124059.4341421793,1.5675537225015541
302604.12488120346,4124059.4841419165,1.5675537236657011
302604.12504333333,4124059.5341416537,1.5675537247996492
302604.12520546315,4124059.5841413904,1.5675537225015541
302604.1253675931,4124059.6341411276,1.5675537236657011
302604.12552972295,4124059.6841408648,1.5675537248298483
302604.12569185277,4124059.734140602,1.5675537225015541
302604.1258539827,4124059.784140339,1.5675537225015541
302604.1260161126,4124059.8341400763,1.5675537248298483
302604.12617824244,4124059.8841398135,1.5675537236657011
302604.1263403723,4124059.9341395507,1.5675537225015541
302604.12650250224,4124059.984139288,1.5675537236657011
302604.1266646321,4124060.034139025,1.5675537236657011
302604.126826762,4124060.084138762,1.5675537247996492
302604.1269888918,4124060.134138499,1.5675537225015541
302604.12715102173,4124060.184138236,1.5675537225015541
302604.12731315166,4124060.2341379733,1.5675537248298483
302604.1274752815,4124060.2841377105,1.5675537236657011
302604.12763741135,4124060.3341374476,1.5675537225015541
302604.1277995413,4124060.384137185,1.5675537236657011
302604.12796167115,4124060.434136922,1.5675537236657011
302604.128123801,4124060.484136659,1.5675537248298483
302604.12828593084,4124060.5341363964,1.5675537225015541
302604.1284480608,4124060.5841361335,1.5675537225015541
302604.1286101907,4124060.6341358707,1.5675537236355022
302604.1287723206,4124060.6841356074,1.5675537248298483
302604.1289344504,4124060.7341353446,1.5675537225015541
302604.1290965803,4124060.784135082,1.5675537236657011
302604.1292587102,4124060.834134819,1.5675537248298483
302604.12942084,4124060.884134556,1.5675537225015541
302604.12958296994,4124060.9341342933,1.5675537236657011
302604.1297450998,4124060.9841340305,1.5675537236657011
302604.1299072297,4124061.0341337677,1.5675537236657011
302604.13006935955,4124061.084133505,1.5675537236657011
302604.1302314894,4124061.134133242,1.5675537225015541
302604.13039361936,4124061.1841329793,1.5675537236355022
302604.13055574923,4124061.234132716,1.5675537248298483
302604.13071787904,4124061.284132453,1.5675537225015541
302604.130880009,4124061.3341321903,1.5675537236657011
302604.13104213885,4124061.3841319275,1.5675537236657011
302604.1312042687,4124061.4341316647,1.5675537236657011
302604.1313663986,4124061.484131402,1.5675537236657011
302604.13152852847,4124061.534131139,1.5675537225015541
302604.1316906584,4124061.584130876,1.5675537236657011
302604.13185278827,4124061.6341306134,1.5675537248298483
302604.1320149181,4124061.6841303506,1.5675537225015541
302604.132177048,4124061.734130088,1.5675537236355022
302604.1323391779,4124061.7841298245,1.5675537248298483
302604.1325013077,4124061.8341295617,1.5675537225015541
302604.13266343763,4124061.884129299,1.5675537225015541
302604.13282556756,4124061.934129036,1.5675537248298483
302604.1329876974,4124061.984128773,1.5675537236657011
302604.13314982725,4124062.0341285104,1.5675537236657011
302604.1333119571,4124062.0841282476,1.5675537225015541
302604.13347408705,4124062.1341279848,1.5675537236657011
302604.1336362169,4124062.184127722,1.5675537248298483
302604.13379834674,4124062.234127459,1.5675537225015541
302604.13396047667,4124062.2841271963,1.5675537236355022
302604.13412260654,4124062.334126933,1.5675537236657011
302604.1342847364,4124062.38412667,1.5675537236657011
302604.1344468663,4124062.4341264074,1.5675537236657011
302604.13460899616,4124062.4841261446,1.5675537225015541
302604.1347711261,4124062.5341258817,1.5675537236657011
302604.13493325596,4124062.584125619,1.5675537248298483
302604.1350953858,4124062.634125356,1.5675537225015541
302604.1352575157,4124062.6841250933,1.5675537225015541
302604.13541964564,4124062.7341248305,1.5675537248298483
302604.13558177545,4124062.7841245676,1.5675537236657011
302604.1357439053,4124062.834124305,1.567553722471355
302604.13590603526,4124062.8841240415,1.5675537236657011
302604.1360681651,4124062.9341237787,1.5675537248298483
302604.13623029494,4124062.984123516,1.5675537225015541
302604.1363924249,4124063.034123253,1.5675537236657011
302604.13655455475,4124063.0841229903,1.5675537236657011
302604.1367166846,4124063.1341227274,1.5675537236657011
302604.1368788145,4124063.1841224646,1.5675537236657011
302604.13704094436,4124063.234122202,1.5675537225015541
302604.1372030743,4124063.284121939,1.5675537236657011
302604.13736520417,4124063.334121676,1.5675537248298483
302604.137527334,4124063.3841214133,1.567553722471355
302604.1376894639,4124063.43412115,1.5675537236657011
302604.1378515938,4124063.4841208872,1.5675537236657011
302604.13801372366,4124063.5341206244,1.5675537236657011
302604.1381758535,4124063.5841203616,1.5675537236657011
302604.1383379834,4124063.634120099,1.5675537225015541
302604.13850011333,4124063.684119836,1.5675537236657011
302604.1386622432,4124063.734119573,1.5675537248298483
302604.138824373,4124063.7841193103,1.5675537225015541
302604.13898650295,4124063.8341190475,1.5675537236657011
302604.1391486328,4124063.8841187847,1.5675537248298483
302604.13931076264,4124063.934118522,1.567553722471355
302604.13947289257,4124063.9841182586,1.5675537236657011
302604.13963502244,4124064.0341179958,1.5675537236657011
302604.1397971523,4124064.084117733,1.5675537236657011
302604.1399592822,4124064.13411747,1.5675537236657011
302604.14012141206,4124064.1841172073,1.5675537225015541
302604.140283542,4124064.2341169445,1.5675537236657011
302604.14044567186,4124064.2841166817,1.5675537248298483
302604.1406078017,4124064.334116419,1.5675537225015541
302604.1407699316,4124064.384116156,1.5675537236657011
302604.1409320615,4124064.434115893,1.5675537236657011
302604.14109419135,4124064.4841156304,1.5675537236355022
302604.1412563212,4124064.534115367,1.5675537236657011
302604.1414184511,4124064.5841151043,1.5675537225015541
302604.141580581,4124064.6341148415,1.5675537236657011
302604.1417427109,4124064.6841145786,1.5675537248298483
302604.1419048407,4124064.734114316,1.5675537225015541
302604.14206697064,4124064.784114053,1.5675537236657011
302604.1422291005,4124064.83411379,1.5675537236657011
302604.1423912304,4124064.8841135274,1.5675537236657011
302604.14255336026,4124064.9341132645,1.5675537236657011
302604.14271549013,4124064.9841130017,1.5675537236657011
302604.14287762,4124065.034112739,1.5675537236355022
302604.1430397499,4124065.0841124756,1.5675537236657011
302604.14320187975,4124065.134112213,1.5675537225015541
302604.1433640097,4124065.18411195,1.5675537236657011
302604.14352613955,4124065.234111687,1.5675537236657011
302604.1436882694,4124065.2841114243,1.5675537236657011
302604.1438503993,4124065.3341111615,1.5675537236657011
302604.14401252917,4124065.3841108987,1.5675537225015541
302604.1441746591,4124065.434110636,1.5675537248298483
302604.1443367889,4124065.484110373,1.5675537236657011
302604.1444989188,4124065.5341101103,1.5675537225015541
302604.1446610487,4124065.5841098474,1.5675537236355022
302604.1448231786,4124065.634109584,1.5675537236657011
302604.14498530846,4124065.6841093213,1.5675537236657011
302604.14514743834,4124065.7341090585,1.5675537236657011
302604.1453095682,4124065.7841087957,1.5675537225015541
302604.14547169814,4124065.834108533,1.5675537248298483
302604.14563382795,4124065.88410827,1.5675537236657011
302604.1457959578,4124065.9341080072,1.5675537225015541
302604.14595808776,4124065.9841077444,1.5675537225015541
