302587.9520156331,4123939.2660954543,1.175723233420846
302587.97125941573,4123939.312243876,1.175723233420846
302587.99050319835,4123939.3583922978,1.1757232323463693
302588.009746981,4123939.4045407195,1.175723230197416
302588.0289907638,4123939.450689141,1.175723233420846
302588.04823454644,4123939.496837563,1.175723233420846
302588.06747832906,4123939.5429859846,1.175723233420846
302588.0867221117,4123939.5891344063,1.17572323700528
302588.1059658943,4123939.6352828285,1.175723230197416
302588.1252096771,4123939.68143125,1.1757232323463693
302588.14445345977,4123939.727579672,1.175723233420846
302588.1636972424,4123939.7737280936,1.175723233420846
302588.182941025,4123939.8198765153,1.175723233420846
302588.2021848076,4123939.866024937,1.175723233420846
302588.22142859024,4123939.9121733587,1.175723233420846
302588.24067237286,4123939.9583217804,1.1757232312718928
302588.2599161556,4123940.004470202,1.175723233420846
302588.2791599382,4123940.050618624,1.175723233420846
302588.29840372084,4123940.0967670456,1.175723233420846
302588.31764750346,4123940.1429154673,1.1757232323463693
302588.33689128613,4123940.189063889,1.1757232312718928
302588.35613506887,4123940.2352123107,1.1757232323463693
302588.37537885155,4123940.2813607324,1.17572323700528
302588.39462263416,4123940.3275091546,1.175723233420846
302588.4138664168,4123940.3736575763,1.175723233420846
302588.4331101994,4123940.419805998,1.175723233420846
302588.452353982,4123940.4659544197,1.1757232323463693
302588.4715977647,4123940.5121028414,1.1757232312718928
302588.49084154743,4123940.558251263,1.1757232323463693
302588.5100853301,4123940.604399685,1.175723233420846
302588.52932911273,4123940.6505481065,1.175723233420846
302588.54857289535,4123940.6966965282,1.175723233420846
302588.56781667797,4123940.74284495,1.175723230197416
302588.58706046076,4123940.7889933717,1.1757232323463693
302588.60630424344,4123940.8351417934,1.175723233420846
302588.62554802606,4123940.881290215,1.175723233420846
302588.6447918087,4123940.927438637,1.17572323700528
302588.6640355913,4123940.973587059,1.1757232312718928
302588.68327937403,4123941.0197354807,1.175723233420846
302588.70252315665,4123941.0658839024,1.175723233420846
302588.72176693927,4123941.112032324,1.175723233420846
302588.7410107219,4123941.158180746,1.175723233420846
302588.7602545045,4123941.2043291675,1.175723233420846
302588.7794982871,4123941.250477589,1.1757232323463693
302588.7987420698,4123941.296626011,1.1757232312718928
302588.81798585254,4123941.3427744326,1.1757232323463693
302588.8372296352,4123941.3889228543,1.175723233420846
302588.85647341784,4123941.435071276,1.175723233420846
302588.87571720046,4123941.4812196977,1.175723233420846
302588.8949609831,4123941.5273681195,1.1757232359308032
302588.91420476575,4123941.5735165416,1.175723233420846
302588.93344854837,4123941.6196649633,1.1757232312718928
302588.9526923311,4123941.665813385,1.1757232323463693
302588.9719361138,4123941.7119618068,1.175723233420846
302588.9911798964,4123941.7581102285,1.175723233420846
302589.010423679,4123941.80425865,1.175723233420846
302589.02966746164,4123941.850407072,1.1757232323463693
302589.0489112443,4123941.8965554936,1.175723233420846
302589.06815502694,4123941.9427039153,1.1757232323463693
302589.0873988096,4123941.988852337,1.1757232323463693
302589.1066425923,4123942.0350007587,1.175723233420846
302589.1258863749,4123942.0811491804,1.175723233420846
302589.1451301575,4123942.127297602,1.17572323700528
302589.16437394015,4123942.1734460243,1.1757232312718928
302589.1836177229,4123942.219594446,1.1757232323463693
302589.20286150556,4123942.2657428677,1.175723233420846
302589.2221052882,4123942.3118912894,1.1757232323463693
302589.24134907086,4123942.358039711,1.175723233420846
302589.2605928535,4123942.404188133,1.175723233420846
302589.2798366361,4123942.4503365546,1.175723233420846
302589.2990804187,4123942.4964849763,1.1757232312718928
302589.31832420145,4123942.542633398,1.1757232323463693
302589.3375679841,4123942.5887818197,1.175723233420846
302589.35681176675,4123942.6349302414,1.1757232323463693
302589.3760555494,4123942.681078663,1.175723233420846
302589.39529933204,4123942.727227085,1.1757232312718928
302589.4145431148,4123942.7733755065,1.1757232323463693
302589.43378689745,4123942.819523928,1.175723233420846
302589.4530306801,4123942.86567235,1.17572323700528
302589.4722744627,4123942.911820772,1.1757232323463693
302589.49151824537,4123942.957969194,1.1757232323463693
302589.51076202805,4123943.0041176155,1.1757232323463693
302589.5300058107,4123943.050266037,1.1757232344953228
302589.5492495933,4123943.096414459,1.175723233420846
302589.5684933759,4123943.1425628806,1.1757232323463693
302589.5877371586,4123943.1887113024,1.175723233420846
302589.6069809412,4123943.234859724,1.175723233420846
302589.6262247238,4123943.281008146,1.1757232312718928
302589.64546850655,4123943.3271565675,1.1757232323463693
302589.66471228923,4123943.373304989,1.175723233420846
302589.68395607185,4123943.419453411,1.1757232323463693
302589.7031998545,4123943.4656018326,1.17572323700528
302589.72244363715,4123943.511750255,1.1757232323463693
302589.7416874198,4123943.5578986765,1.1757232312718928
302589.76093120256,4123943.604047098,1.175723233420846
302589.7801749852,4123943.65019552,1.175723233420846
302589.7994187678,4123943.6963439416,1.1757232323463693
302589.8186625505,4123943.7424923633,1.175723233420846
302589.8379063331,4123943.788640785,1.175723233420846
302589.8571501157,4123943.8347892067,1.1757232323463693
302589.8763938984,4123943.8809376284,1.1757232312718928
302589.8956376811,4123943.92708605,1.175723233420846
302589.91488146374,4123943.973234472,1.175723233420846
302589.93412524636,4123944.0193828936,1.175723233420846
302589.953369029,4123944.0655313153,1.175723233420846
302589.9726128116,4123944.111679737,1.1757232312718928
302589.99185659434,4123944.1578281587,1.17572323700528
302590.01110037696,4123944.203976581,1.1757232323463693
302590.03034415963,4123944.2501250026,1.175723233420846
302590.04958794225,4123944.2962734243,1.175723233420846
302590.0688317249,4123944.342421846,1.175723233420846
302590.0880755075,4123944.3885702677,1.175723233420846
302590.1073192901,4123944.4347186894,1.175723233420846
302590.1265630727,4123944.480867111,1.1757232312718928
302590.14580685546,4123944.527015533,1.1757232312718928
302590.1650506382,4123944.5731639545,1.175723233420846
302590.1842944208,4123944.6193123762,1.175723233420846
302590.20353820344,4123944.665460798,1.175723233420846
302590.22278198606,4123944.7116092197,1.1757232323463693
302590.24202576873,4123944.7577576414,1.1757232312718928
302590.26126955147,4123944.803906063,1.1757232359308032
302590.28051333415,4123944.8500544853,1.175723233420846
302590.29975711677,4123944.896202907,1.175723233420846
302590.3190008994,4123944.9423513287,1.175723233420846
302590.338244682,4123944.9884997504,1.175723233420846
302590.3574884646,4123945.034648172,1.175723233420846
302590.37673224724,4123945.080796594,1.1757232312718928
302590.39597603,4123945.1269450155,1.175723233420846
302590.4152198126,4123945.173093437,1.175723233420846
302590.4344635952,4123945.219241859,1.175723233420846
302590.45370737783,4123945.2653902806,1.1757232323463693
302590.4729511605,4123945.3115387023,1.175723230197416
302590.4921949433,4123945.357687124,1.175723233420846
302590.5114387259,4123945.4038355458,1.175723233420846
302590.53068250854,4123945.4499839675,1.17572323700528
302590.54992629116,4123945.4961323896,1.1757232323463693
302590.56917007384,4123945.5422808114,1.1757232312718928
302590.5884138566,4123945.588429233,1.1757232323463693
302590.60765763925,4123945.634577655,1.175723233420846
302590.62690142187,4123945.6807260765,1.175723233420846
302590.6461452045,4123945.726874498,1.175723233420846
302590.6653889871,4123945.77302292,1.175723233420846
302590.6846327697,4123945.8191713416,1.1757232323463693
302590.7038765524,4123945.8653197633,1.175723230197416
302590.7231203352,4123945.911468185,1.175723233420846
302590.7423641178,4123945.9576166067,1.175723233420846
302590.76160790044,4123946.0037650284,1.175723233420846
302590.78085168306,4123946.04991345,1.175723233420846
302590.8000954657,4123946.096061872,1.1757232312718928
302590.8193392484,4123946.1422102936,1.17572323700528
302590.838583031,4123946.1883587157,1.175723233420846
302590.85782681365,4123946.2345071374,1.175723233420846
302590.87707059627,4123946.280655559,1.175723233420846
302590.8963143789,4123946.326803981,1.1757232323463693
302590.91555816156,4123946.3729524026,1.175723233420846
302590.9348019442,4123946.4191008243,1.175723230197416
302590.954045727,4123946.465249246,1.175723233420846
302590.9732895096,4123946.5113976677,1.175723233420846
302590.9925332922,4123946.5575460894,1.175723233420846
302591.01177707483,4123946.603694511,1.1757232323463693
302591.0310208575,4123946.649842933,1.1757232312718928
302591.05026464025,4123946.6959913545,1.1757232323463693
302591.0695084229,4123946.7421397762,1.175723233420846
302591.08875220554,4123946.788288198,1.17572323700528
302591.10799598816,4123946.83443662,1.175723233420846
302591.1272397708,4123946.880585042,1.175723233420846
302591.1464835534,4123946.9267334635,1.1757232323463693
302591.1657273361,4123946.9728818852,1.175723230197416
302591.18497111887,4123947.019030307,1.1757232344953228
302591.20421490143,4123947.0651787287,1.1757232344953228
302591.223458684,4123947.1113271504,1.175723233420846
302591.2427024666,4123947.157475572,1.1757232323463693
302591.2619462493,4123947.203623994,1.175723230197416
302591.2811900321,4123947.2497724155,1.175723233420846
302591.3004338147,4123947.295920837,1.175723233420846
302591.3196775973,4123947.342069259,1.175723233420846
302591.33892137994,4123947.3882176806,1.17572323700528
302591.35816516256,4123947.434366103,1.1757232323463693
302591.37740894523,4123947.4805145245,1.175723233420846
302591.39665272785,4123947.526662946,1.175723230197416
302591.41589651065,4123947.572811368,1.175723233420846
302591.43514029327,4123947.6189597896,1.175723233420846
302591.4543840759,4123947.6651082113,1.175723233420846
302591.4736278585,4123947.711256633,1.1757232323463693
302591.4928716412,4123947.7574050548,1.175723233420846
302591.5121154238,4123947.8035534765,1.175723233420846
302591.5313592064,4123947.849701898,1.175723230197416
302591.5506029892,4123947.89585032,1.175723233420846
302591.56984677183,4123947.9419987416,1.175723233420846
302591.58909055445,4123947.9881471633,1.175723233420846
302591.60833433707,4123948.034295585,1.17572323700528
302591.6275781197,4123948.080444007,1.1757232312718928
302591.6468219024,4123948.126592429,1.175723233420846
302591.66606568504,4123948.1727408506,1.175723233420846
302591.68530946766,4123948.2188892723,1.1757232323463693
302591.70455325034,4123948.265037694,1.1757232344953228
302591.7237970329,4123948.3111861157,1.1757232344953228
302591.74304081546,4123948.3573345374,1.1757232355697995
302591.76228459796,4123948.403482959,1.175723233420846
302591.7815283806,4123948.449631381,1.1757232391542332
302591.8007721631,4123948.495779803,1.175723236644276
302591.82001594553,4123948.5419282247,1.1757232377187528
302591.8392597279,4123948.5880766464,1.1757232377187528
302591.8585035103,4123948.634225068,1.1757232402287099
302591.87774729275,4123948.6803734903,1.1757232387932295
302591.8969910751,4123948.726521912,1.1757232434521399
302591.91623485734,4123948.772670334,1.1757232420166595
302591.9354786395,4123948.818818756,1.1757232488245233
302591.9547224215,4123948.864967178,1.1757232473890429
302591.97396620334,4123948.9111156,1.17572325312243
302591.9932099851,4123948.957264022,1.17572325312243
302592.01245376683,4123949.003412444,1.1757232563458602
302592.0316975484,4123949.0495608663,1.1757232663771537
302592.0509413296,4123949.095709289,1.1757232681651038
302592.07018511056,4123949.141857711,1.1757232781963973
302592.08942889114,4123949.188006134,1.1757232857177342
302592.1086726713,4123949.2341545564,1.1757232968235045
302592.1279164511,4123949.2803029795,1.1757233075682714
302592.14716023026,4123949.3264514026,1.1757233186740417
302592.16640400904,4123949.372599826,1.1757233315677622
302592.1856477871,4123949.4187482498,1.1757233491203924
302592.20489156444,4123949.464896674,1.1757233652375434
302592.2241353409,4123949.511045098,1.1757233928214668
302592.24337911623,4123949.557193523,1.1757234189699106
302592.26262289035,4123949.6033419482,1.1757234472673084
302592.28186666314,4123949.649490374,1.1757234798626133
302592.30111043435,4123949.6956388005,1.1757235224892106
302592.32035420364,4123949.741787228,1.175723569413715
302592.3395979708,4123949.787935656,1.1757236238595572
302592.35884173535,4123949.834084085,1.1757236872622143
302592.37808549707,4123949.8802325157,1.175723757111732
302592.3973292556,4123949.9263809477,1.1757238355570654
302592.41657301044,4123949.972529381,1.1757239215237378
302592.4358167612,4123950.018677816,1.175724031850898
302592.455060507,4123950.064826253,1.1757241597306851
302592.474304247,4123950.1109746927,1.1757242979942486
302592.4935479805,4123950.157123135,1.1757244595438192
302592.5127917066,4123950.2032715804,1.17572464043398
302592.53203542426,4123950.249420029,1.1757248521314856
302592.5512791322,4123950.295568482,1.1757250921263904
302592.5705228291,4123950.3417169396,1.1757253668655616
302592.5897665132,4123950.3878654023,1.1757256820823714
302592.6090101828,4123950.434013871,1.1757260410002506
302592.62825383584,4123950.4801623467,1.175726456873906
302592.64749746985,4123950.526310831,1.1757269232480352
302592.6667410821,4123950.5724593233,1.175727465566008
302592.6859846694,4123950.6186078265,1.1757280762980524
302592.70522822853,4123950.6647563414,1.1757287769421345
302592.7244717555,4123950.71090487,1.175729572862279
302592.74371524557,4123950.757053414,1.1757304934387407
302592.76295869314,4123950.8032019753,1.1757315372360941
302592.7822020925,4123950.8493505567,1.1757327228814283
302592.8014454372,4123950.895499161,1.1757340865544208
302592.82068871905,4123950.941647792,1.1757356407879476
302592.83993192913,4123950.9877964524,1.175737405283609
302592.8591750576,4123951.0339451465,1.1757394291229555
302592.87841809297,4123951.08009388,1.1757417226818905
302592.8976610223,4123951.1262426577,1.1757443447123064
302592.9169038306,4123951.1723914854,1.1757473403504517
302592.93614650087,4123951.2185403714,1.1757507454073353
302592.95538901386,4123951.2646893226,1.17575462830505
302592.9746313476,4123951.310838348,1.1757590571047125
302592.9938734771,4123951.3569874596,1.1757640926917277
302593.013115374,4123951.4031366673,1.1757698378790318
302593.0323570059,4123951.449285986,1.1757763800613326
302593.05159833585,4123951.49543543,1.175783835659039
302593.0708393219,4123951.5415850184,1.1757923203647878
302593.09007991623,4123951.5877347696,1.1758019831943836
302593.1093200646,4123951.6338847065,1.175812998591223
302593.1285597046,4123951.6800348554,1.175825544582334
302593.1477987657,4123951.726185246,1.1758398167416624
302593.167037168,4123951.7723359107,1.175856072261698
302593.1862748202,4123951.8184868884,1.1758745808644038
302593.20551161806,4123951.864638222,1.175895671739787
302593.2247474427,4123951.9107899615,1.1759196801614478
302593.24398215936,4123951.956942163,1.1759470105382126
302593.2632156145,4123952.0030948897,1.1759781392790951
302593.282447633,4123952.0492482153,1.1760135718046887
302593.3016780161,4123952.095402222,1.1760539152654768
302593.32090653735,4123952.1415570052,1.1760998326929424
302593.3401329391,4123952.187712671,1.1761521182169044
302593.3593569276,4123952.2338693417,1.1762116415512438
302593.3785781687,4123952.2800271567,1.1762794020756797
302593.3977962821,4123952.326186274,1.176356534576737
302593.41701083485,4123952.3723468734,1.1764443479111253
302593.4362213342,4123952.41850916,1.1765443003271312
302593.45542721945,4123952.464673367,1.176658070359522
302593.4746278523,4123952.510839758,1.1767875836881927
302593.493822506,4123952.5570086357,1.1769349891810679
302593.5130103539,4123952.6031803424,1.1771027570059958
302593.5321904553,4123952.649355267,1.1772936947446175
302593.55136173987,4123952.6955338535,1.1775109850590866
302593.5705229897,4123952.741716604,1.1777582479418645
302593.5896728198,4123952.7879040916,1.1780395848942649
302593.6088096548,4123952.8340969644,1.1783596615326233
302593.6279317035,4123952.88029596,1.1787237546903462
302593.64703693014,4123952.926501915,1.1791378464850084
302593.6661230216,4123952.972715777,1.1796086950803923
302593.68518735113,4123953.01893862,1.1801439520582258
302593.70422693674,4123953.065171661,1.1807522425149006
302593.7232383955,4123953.111416274,1.1814432542363802
302593.742217894,4123953.157674013,1.1822278811293803
302593.7611610915,4123953.2039466295,1.1831182873952235
302593.7800630798,4123953.250236094,1.1841280432101629
302593.7989183172,4123953.296544621,1.185272151773634
302593.81772055983,4123953.3428746886,1.1865671401121736
302593.8364627893,4123953.389229065,1.1880310145277022
302593.85513714125,4123953.4356108266,1.1896831833460628
302593.87373483676,4123953.482023377,1.1915441774971098
302593.89224612585,4123953.528470455,1.193635284896955
302593.9106602478,4123953.5749561386,1.195977796695342
302593.92896542524,4123953.6214848277,1.198591899680965
302593.9471489084,4123953.6680612066,1.2014949613683703
302593.9651970999,4123953.714690174,1.204698988989776
302593.9830957974,4123953.761376726,1.2082069408785974
302594.00083061017,4123953.8081257762,1.2120073527191741
302594.0183876287,4123953.854941886,1.2160667143842232
302594.03575445927,4123953.901828879,1.220318652858357
302594.0529217731,4123953.9487892915,1.2246486729587038
302594.0698855883,4123953.9958236017,1.228882297979404
302594.0866501279,4123954.0429293127,1.2329118899330382
302594.10322471673,4123954.0901022,1.2366759613193887
302594.11962162773,4123954.1373371445,1.2401444301284936
302594.13585460867,4123954.1846286803,1.24330816255899
302594.15193789173,4123954.231971339,1.2461716824275775
302594.167885543,4123954.27935986,1.2487479884722459
302594.18371105485,4123954.3267893116,1.2510550377474932
302594.19942710304,4123954.3742551487,1.253113313287844
302594.2150454203,4123954.4217532333,1.2549442474145585
302594.2305767459,4123954.4692798355,1.2565721808561694
302594.24603068084,4123954.516831659,1.2580159187591253
302594.26141594735,4123954.564405744,1.2592869630024244
302594.2767407325,4123954.6119993455,1.2604097321691967
302594.2920120714,4123954.6596101234,1.2614005348444437
302594.30723622994,4123954.7072360087,1.262274154572113
302594.32241877564,4123954.7548751757,1.2630439558763427
302594.33756464423,4123954.8025260163,1.2637218960331413
302594.35267820494,4123954.850187114,1.26431867677216
302594.36776331975,4123954.8978572227,1.2648438132520876
302594.3828233992,4123954.9455352467,1.2653057758448973
302594.39786145167,4123954.993220223,1.2657120619033395
302594.4128801291,4123955.040911305,1.2660693103119078
302594.427881768,4123955.0886077494,1.2663833881908537
302594.4428684258,4123955.1363089033,1.2666594724996576
302594.45784191345,4123955.184014193,1.26690213576148
302594.47280382435,4123955.2317231144,1.267115408197258
302594.48775556,4123955.279435226,1.2673028249753822
302594.50269835326,4123955.327150139,1.2674675146091494
302594.5176332882,4123955.3748675124,1.267612226663383
302594.5325613177,4123955.4225870464,1.2677393729239832
302594.5474832797,4123955.470308478,1.26785108904634
302594.5623999105,4123955.5180315766,1.2679492440033457
302594.5773118568,4123955.565756139,1.2680354784265995
302594.59221968753,4123955.613481987,1.2681112418238427
302594.6071239025,4123955.6612089644,1.2681777887003085
302594.6220249412,4123955.7089369334,1.268236263544313
302594.63692318916,4123955.756665774,1.2682876247432615
302594.6518189855,4123955.8043953795,1.268332751212722
302594.6667126281,4123955.8521256573,1.2683723918820358
302594.6816043786,4123955.8998565255,1.2684072117829381
302594.6964944671,4123955.947587912,1.2684377942687906
302594.7113830958,4123955.995319754,1.268464660477236
302594.7262704422,4123956.043051996,1.2684882570967297
302594.7411566622,4123956.090784589,1.2685089852498463
302594.7560418928,4123956.1385174906,1.2685271927363237
302594.77092625434,4123956.1862506634,1.2685431795673583
302594.78580985276,4123956.233984074,1.2685572218654015
302594.80069278093,4123956.281717694,1.268569557978432
302594.8155751202,4123956.329451497,1.2685803895787386
302594.83045694244,4123956.3771854616,1.2685899027788208
302594.8453383107,4123956.424919568,1.2685982509380758
302594.86021928035,4123956.4726537983,1.2686055857158332
302594.87509989983,4123956.5203881375,1.268612028227684
302594.8899802118,4123956.5681225727,1.268617684592124
302594.9048602538,4123956.615857092,1.2686226498136701
302594.91974005883,4123956.6635916857,1.2686270061226275
302594.9346196559,4123956.711326344,1.2686308362980825
302594.94949907006,4123956.759061059,1.2686341964451808
302594.96437832393,4123956.8067958243,1.268637142134461
302594.97925743717,4123956.8545306334,1.2686397278110386
302594.9941364269,4123956.9022654807,1.268641999577254
302595.0090153082,4123956.950000362,1.2686439929983226
302595.02389409445,4123956.997735273,1.2686457380824743
302595.03877279727,4123957.04547021,1.2686472759234373
302595.0536514268,4123957.09320517,1.2686486171011795
302595.0685299922,4123957.1409401493,1.2686497960408751
302595.08340850135,4123957.1886751465,1.268650829976668
302595.09828696115,4123957.236410159,1.2686517444567293
302595.1131653774,4123957.2841451857,1.2686525300556808
302595.128043756,4123957.3318802235,1.2686532261927201
302595.1429221015,4123957.379615272,1.2686538345566702
302595.15780041786,4123957.4273503292,1.2686543718043324
302595.17267870856,4123957.4750853945,1.2686548423813773
302595.1875569768,4123957.5228204667,1.2686552546161873
302595.2024352255,4123957.5705555454,1.2686556118575323
302595.21731345705,4123957.6182906292,1.268655929650765
302595.2321916734,4123957.6660257177,1.2686562057730437
302595.24706987664,4123957.7137608104,1.2686564441216033
302595.2619480684,4123957.7614959064,1.2686566607902159
302595.27682624996,4123957.809231006,1.2686568435823502
302595.2917044227,4123957.856966108,1.2686570063689362
302595.3065825876,4123957.9047012124,1.2686571552555022
302595.3214607456,4123957.9524363196,1.2686572791569555
302595.3363388975,4123958.000171428,1.2686573913812265
302595.35121704417,4123958.0479065385,1.2686574836145008
302595.36609518627,4123958.09564165,1.2686575702761183
302595.3809733244,4123958.143376763,1.268657637509731
302595.3958514592,4123958.1911118766,1.2686577047287821
302595.41072959086,4123958.2388469917,1.268657763619466
302595.42560771975,4123958.2865821077,1.2686578152932038
302595.4404858461,4123958.334317224,1.2686578641811095
302595.45536397013,4123958.3820523415,1.2686579014063901
302595.4702420924,4123958.4297874593,1.2686579341859916
302595.48512021307,4123958.4775225776,1.2686579625199137
302595.4999983324,4123958.5252576964,1.2686579919652556
302595.51487645035,4123958.5729928156,1.2686580191877577
302595.529754567,4123958.6207279353,1.2686580403047352
302595.5446326826,4123958.668463055,1.2686580658528228
302595.5595107971,4123958.7161981757,1.2686580858583805
302595.57438891055,4123958.7639332963,1.2686581036410989
302595.5892670231,4123958.811668417,1.2686581291891856
302595.60414513457,4123958.8594035385,1.2686581453120598
302595.61902324506,4123958.9071386596,1.2686581719715662
302595.63390135445,4123958.9548737817,1.268658198082648
302595.6487794626,4123959.002608904,1.2686582191996265
302595.6636575697,4123959.0503440266,1.2686582497563883
302595.6785356753,4123959.0980791496,1.2686582792017302
302595.6934137795,4123959.145814273,1.268658319198274
302595.7082918819,4123959.1935493974,1.2686583536522933
302595.7231699825,4123959.2412845218,1.2686584003173569
302595.73804808094,4123959.289019647,1.26865845476236
302595.7529261768,4123959.3367547733,1.2686585108817823
302595.7678042699,4123959.3844899,1.2686585825465067
302595.7826823597,4123959.432225028,1.2686586619911702
302595.79756044573,4123959.4799601575,1.2686587475559354
302595.8124385276,4123959.527695288,1.268658844783321
302595.8273166048,4123959.5754304198,1.2686589570075855
302595.8421946767,4123959.6231655534,1.2686590859031526
302595.8570727424,4123959.670900689,1.268659238138546
302595.87195080076,4123959.7186358264,1.2686594164704263
302595.8868288508,4123959.766370967,1.268659609265367
302595.9017068914,4123959.81410611,1.2686598392709927
302595.9165849212,4123959.8618412567,1.2686600964991146
302595.9314629388,4123959.9095764076,1.2686603842986086
302595.94634094246,4123959.9573115623,1.268660720422982
302595.96121893014,4123960.005046722,1.2686611109923505
302595.97609689925,4123960.052781888,1.2686615460185577
302595.99097484746,4123960.1005170597,1.2686620488121751
302596.0058527718,4123960.1482522395,1.2686626199508726
302596.02073066885,4123960.1959874276,1.2686632777657927
302596.03560853435,4123960.243722625,1.2686640283477444
302596.05048636417,4123960.291457834,1.2686648833886676
302596.0653641531,4123960.339193056,1.2686658589821416
302596.08024189563,4123960.3869282925,1.2686669634859178
302596.0951195852,4123960.434663545,1.2686682424241256
302596.10999721393,4123960.482398817,1.268669686386557
302596.12487477355,4123960.53013411,1.268671347565779
302596.139752254,4123960.577869428,1.2686732309853972
302596.15462964453,4123960.625604774,1.2686753744190458
302596.16950693267,4123960.6733401516,1.2686778295256578
302596.1843841037,4123960.721075566,1.268680626876919
302596.1992611411,4123960.768811022,1.2686838147974548
302596.2141380264,4123960.8165465253,1.26868744829543
302596.22901473823,4123960.8642820828,1.26869158181579
302596.2438912527,4123960.9120177017,1.2686962992487594
302596.2587675421,4123960.959753391,1.2687016700512603
302596.27364357497,4123961.0074891597,1.2687077814324048
302596.28851931624,4123961.05522502,1.2687147517524027
302596.3033947247,4123961.1029609833,1.2687226932197417
302596.31826975406,4123961.150697065,1.2687317352935608
302596.33314435184,4123961.1984332814,1.2687420318690539
302596.3480184581,4123961.246169651,1.268753757958994
302596.36289200454,4123961.2939061946,1.2687671124477578
302596.37776491354,4123961.341642937,1.2687823159178295
302596.3926370967,4123961.3893799055,1.2687996322482442
302596.40750845335,4123961.437117132,1.2688193331496749
302596.4223788694,4123961.4848546507,1.2688417747177392
302596.43724821415,4123961.5325925034,1.2688673247621016
302596.45211633923,4123961.580330736,1.2688964066307735
302596.46698307607,4123961.6280694013,1.268929728704934
302596.481848222,4123961.6758085615,1.2689675354188428
302596.49671156314,4123961.723548284,1.2690105379223116
302596.5115728514,4123961.7712886455,1.2690594840475438
302596.5264318028,4123961.819029734,1.2691152126860032
302596.5412880937,4123961.866771651,1.2691786566889425
302596.5561413557,4123961.9145145104,1.2692508794387085
302596.5709911695,4123961.9622584423,1.2693330915421912
302596.585837058,4123962.0100035947,1.2694266880558316
302596.6006784778,4123962.0577501366,1.2695332129723205
302596.6155148112,4123962.105498259,1.2696544896806867
302596.63034535386,4123962.1532481806,1.2697925255456115
302596.64516930515,4123962.201000149,1.2699496406777835
302596.65998575365,4123962.2487544455,1.270128460214191
302596.6747936625,4123962.2965113907,1.27033198099467
302596.68959185155,4123962.344271349,1.2705635954519605
302596.70437897835,4123962.392034733,1.2708271566497873
302596.71915351594,4123962.439802013,1.2711270531619188
302596.7339137277,4123962.4875737214,1.271468238221001
302596.7486576395,4123962.535350463,1.2718563667069134
302596.7633830066,4123962.583132923,1.272297818110131
302596.7780872787,4123962.6309218793,1.2727998049357028
302596.79276755947,4123962.6787182107,1.2733705048989443
302596.80742056033,4123962.726522912,1.2740191226655793
302596.82204255107,4123962.774337107,1.2747560379746434
302596.8366293026,4123962.8221620633,1.2755928954441145
302596.8511760263,4123962.86999921,1.2765427393818378
302596.8656773052,4123962.9178501507,1.2776201176855753
302596.880127022,4123962.9657166866,1.2788411724298037
302596.8945182799,4123963.013600829,1.280223699044348
302596.9088433224,4123963.0615048204,1.2817871354825718
302596.9230934518,4123963.1094311466,1.2835525388637978
302596.93725894904,4123963.157382553,1.2855422968953396
302596.95132900536,4123963.205362046,1.2877797937624698
302596.96529167116,4123963.253372896,1.2902886873252981
302596.9791338372,4123963.301418619,1.2930918386929915
302596.99284126743,4123963.3495029476,1.296209628352996
302597.006398712,4123963.3976297705,1.299657438958082
302597.01979014097,4123963.4458030392,1.3034420225036567
302597.03299915534,4123963.4940266316,1.307556145959616
302597.04600965703,4123963.5423041456,1.3119710216414542
302597.0588068899,4123963.5906386157,1.3166254974424427
302597.0713790105,4123963.639032115,1.3214108523928005
302597.0837194062,4123963.6874852157,1.3261494511679062
302597.0958300654,4123963.735996252,1.3306987239796693
302597.10771991214,4123963.7845618892,1.3349744377943316
302597.11940200086,4123963.8331779316,1.3389323206946655
302597.13089158497,4123963.881839842,1.342554978250694
302597.1422048115,4123963.9305430683,1.345842682867149
302597.1533578579,4123963.979283237,1.3488069265992215
302597.1643663799,4123964.028056261,1.3514659209271729
302597.17524517793,4123964.0768583934,1.3538415222277995
302597.1860080124,4123964.125686238,1.3559571855351888
302597.1966675209,4123964.17453675,1.357836550014875
302597.2072352037,4123964.2234072136,1.3595025981048028
302597.2177214522,4123964.2722952194,1.360977106154876
302597.2281356042,4123964.321198637,1.3622803566652544
302597.23848601454,4123964.3701155884,1.3634309883004412
302597.24878013297,4123964.4190444183,1.364445989579708
302597.2590245837,4123964.4679836733,1.365340698503948
302597.26922524406,4123964.5169320754,1.3661289175813989
302597.2793873195,4123964.565888504,1.3668229820624405
302597.2895154137,4123964.6148519744,1.367433906760426
302597.2996135931,4123964.6638216237,1.3679714804103278
302597.3096854464,4123964.712796695,1.3684443771113364
302597.31973413844,4123964.761776524,1.3688602987072334
302597.3297624579,4123964.810760529,1.3692260410393409
302597.3397728613,4123964.859748198,1.3695476124122177
302597.3497675111,4123964.9087390844,1.36983031231461
302597.3597483108,4123964.957732794,1.3700788197417249
302597.369716935,4123965.0067289826,1.370297250488872
302597.37967485667,4123965.0557273477,1.3704892260768784
302597.38962337165,4123965.1047276235,1.3706579470420066
302597.3995636191,4123965.153729577,1.3708062234562135
302597.4094966006,4123965.202733004,1.3709365295484506
302597.41942319664,4123965.251737725,1.371051035651552
302597.4293441813,4123965.3007435827,1.3711516519992402
302597.43926023506,4123965.349750438,1.3712400715963555
302597.44917195564,4123965.3987581697,1.3713177613059842
302597.45907986886,4123965.447766672,1.3713860242876446
302597.4689844365,4123965.4967758497,1.3714460087810758
302597.4788860643,4123965.5457856217,1.3714987136164916
302597.48878510913,4123965.5947959158,1.371545019828079
302597.49868188443,4123965.643806668,1.371585708031812
302597.5085766656,4123965.692817823,1.3716214571957857
302597.5184696946,4123965.7418293315,1.3716528689535286
302597.5283611841,4123965.790841151,1.3716804688373225
302597.5382513209,4123965.8398532434,1.371704715754231
302597.5481402692,4123965.888865575,1.3717260266479954
302597.5580281731,4123965.9378781184,1.3717447448273452
302597.56791515957,4123965.9868908464,1.3717611961234288
302597.5778013397,4123966.035903737,1.3717756540539656
302597.58768681117,4123966.0849167705,1.3717883587836204
302597.5975716599,4123966.133929929,1.371799527471365
302597.6074559613,4123966.182943199,1.371809343405563
302597.61733978154,4123966.2319565653,1.3718179732744955
302597.6272231788,4123966.280970017,1.3718255705132336
302597.63710620377,4123966.329983544,1.3718322515226347
302597.6469889012,4123966.378997137,1.3718381316371708
302597.65687131044,4123966.428010788,1.371843317245094
302597.6667534656,4123966.4770244905,1.3718478875301656
302597.67663539667,4123966.526038238,1.3718519258731303
302597.6865171298,4123966.5750520253,1.371855494340011
302597.696398688,4123966.6240658476,1.3718586607763368
302597.7062800911,4123966.6730797016,1.3718614751370073
302597.71616135613,4123966.722093583,1.3718639847259517
302597.72604249825,4123966.7711074897,1.3718662367739467
302597.73592353,4123966.8201214187,1.3718682586697057
302597.7458044626,4123966.869135367,1.3718700913116957
302597.75568530534,4123966.918149334,1.371871770076931
302597.76556606585,4123966.9671633174,1.3718733212129106
302597.77544675034,4123967.016177316,1.3718747716663768
302597.78532736376,4123967.0651913295,1.371876145402456
302597.79520790983,4123967.114205356,1.3718774670854859
302597.8050883911,4123967.163219396,1.3718787561158177
302597.8149688092,4123967.2122334484,1.3718800348753792
302597.8248491646,4123967.2612475134,1.371881330310865
302597.8347294565,4123967.3102615913,1.3718826679706728
302597.84460968286,4123967.3592756824,1.371884066371064
302597.8544898407,4123967.4082897874,1.371885539648485
302597.8643699263,4123967.457303907,1.3718871222959315
302597.87424993434,4123967.506318042,1.3718888421442825
302597.88412985805,4123967.555332194,1.3718907291217115
302597.8940096893,4123967.6043463647,1.3718928204456549
302597.90388941806,4123967.6533605563,1.3718951352596473
302597.9137690333,4123967.7023747703,1.3718977284128715
302597.9236485215,4123967.7513890103,1.3719006377503387
302597.933527867,4123967.800403279,1.3719039151396872
302597.94340705196,4123967.84941758,1.3719076130761825
302597.9532860557,4123967.8984319177,1.3719117920436705
302597.96316485456,4123967.9474462965,1.3719165283171584
302597.9730434212,4123967.996460722,1.3719219593541672
302597.98292172176,4123968.045475201,1.3719280734861834
302597.99279972265,4123968.094489741,1.3719350223077742
302598.0026773829,4123968.1435043495,1.3719429117651103
302598.0125546564,4123968.1925190357,1.3719518877466423
302598.02243148995,4123968.2415338103,1.3719620945568167
302598.03230782325,4123968.290548686,1.3719737077555212
302598.0421835874,4123968.3395636766,1.3719869170406531
302598.05205870396,4123968.388578797,1.3720019512341566
302598.06193308375,4123968.437594067,1.3720190529735035
302598.07180662523,4123968.486609505,1.3720385131495725
302598.0816792128,4123968.535625135,1.372060668301524
302598.09155071445,4123968.584640984,1.3720858816603265
302598.1014209803,4123968.633657082,1.3721145753583235
302598.11128983967,4123968.682673463,1.372147229540633
302598.12115709845,4123968.7316901665,1.3721843951099357
302598.13102253544,4123968.7807072364,1.3722266965127672
302598.140885899,4123968.829724724,1.3722748359962962
302598.15074690286,4123968.878742686,1.3723296256774384
302598.160605221,4123968.9277611882,1.37239197855197
302598.1704604826,4123968.9767803047,1.3724629414452358
302598.18031226576,4123969.025800121,1.3725436889644596
302598.19016009057,4123969.074820732,1.3726355862071251
302598.2000034106,4123969.1238422487,1.372740159160594
302598.2098416041,4123969.172864794,1.3728591555548195
302598.21967396414,4123969.2218885096,1.3729945488758961
302598.2294996865,4123969.2709135558,1.3731486016811962
302598.2393178564,4123969.3199401153,1.3733238653182656
302598.24912743346,4123969.3689683946,1.3735232498252326
302598.25892723486,4123969.4179986287,1.3737500540470002
302598.2687159158,4123969.4670310845,1.3740080078965455
302598.2784919482,4123969.516066063,1.3743013602223957
302598.28825359576,4123969.565103908,1.3746349030900642
302598.29799888644,4123969.6141450056,1.3750140625620235
302598.307725582,4123969.6631897944,1.3754449764383607
302598.31743114244,4123969.7122387695,1.3759345562762717
302598.3271126884,4123969.7612924906,1.3764905796538947
302598.33676695765,4123969.8103515864,1.377121784184027
302598.34639025864,4123969.859416766,1.377837941076555
302598.3559784186,4123969.908488824,1.3786499505794962
302598.3655267283,4123969.9575686506,1.3795698826137885
302598.3750298836,4123970.006657239,1.3806110612068974
302598.3844819235,4123970.055755694,1.3817880359859869
302598.3938761688,4123970.1048652376,1.3831165453262462
302598.40320516285,4123970.1539872154,1.384613362969015
302598.4124606193,4123970.203123099,1.386296005664857
302598.4216333838,4123970.252274483,1.3881822635850842
302598.43071341893,4123970.3014430767,1.3902894019201633
302598.43968982785,4123970.350630688,1.3926329945552725
302598.4485509352,4123970.399839194,1.3952251447943056
302598.45728445565,4123970.449070496,1.3980718953280085
302598.46587779,4123970.498326451,1.4011695168947327
302598.4743185054,4123970.547608779,1.4044991860107787
302598.4825950789,4123970.596918929,1.4080194606387055
302598.49069801485,4123970.646257901,1.4116557207379123
302598.4986214878,4123970.6956260083,1.4152853396608387
302598.50636572205,4123970.7450225526,1.4187888791784211
302598.5139368475,4123970.7944459333,1.422094714411359
302598.5213445478,4123970.8438940826,1.4251640281836373
302598.528600443,4123970.893364745,1.4279801409854571
302598.535716996,4123970.9428556548,1.430540969801397
302598.5427067892,4123970.9923646343,1.4328537830541654
302598.54958205984,4123971.041889655,1.43493152386391
302598.55635441636,4123971.0914288596,1.4367903076964417
302598.5630346792,4123971.140980572,1.4384477191102198
302598.56963280594,4123971.1905432926,1.4399216712515135
302598.57615787286,4123971.2401156877,1.4412297010358075
302598.58261809236,4123971.289696578,1.4423885150235993
302598.5890208528,4123971.3392849234,1.443413713122301
302598.5953727722,4123971.388879808,1.444319690230725
302598.6016797573,4123971.4384804284,1.4451195844839348
302598.60794706526,4123971.488086079,1.4458252927356736
302598.61417936464,4123971.5376961404,1.44644752854525
302598.62038079376,4123971.587310071,1.44699589855218
302598.6265550152,4123971.6369273956,1.4474789696119152
302598.6327052672,4123971.6865476966,1.447904380845918
302598.6388344097,4123971.73617061,1.4482789142313557
302598.64494496636,4123971.7857958158,1.448608581211396
302598.65103916294,4123971.8354230337,1.4488986989949422
302598.6571189615,4123971.8850520174,1.449153978286176
302598.6631860906,4123971.9346825513,1.4493785741166407
302598.6692420728,4123971.9843144473,1.4495761484543845
302598.6752882488,4123972.033947538,1.4497499506058171
302598.68132579845,4123972.0835816795,1.4499028188790064
302598.68735576054,4123972.1332167434,1.450037266884749
302598.69337904925,4123972.1828526175,1.4501555160123365
302598.69939646847,4123972.232489203,1.4502595114727603
302598.7054087257,4123972.2821264146,1.4503509675803274
302598.71141644334,4123972.331764176,1.4504313872678742
302598.71742016904,4123972.38140242,1.4505021138656433
302598.723420384,4123972.4310410884,1.4505643037341303
302598.72941751196,4123972.4806801304,1.4506189931554725
302598.7354119251,4123972.5303195,1.450667303665155
302598.7414039402,4123972.579959159,1.4507098972368613
302598.7473938409,4123972.629599073,1.450746949427462
302598.7533819024,4123972.6792392093,1.4507795392049243
302598.75936834613,4123972.7288795407,1.4508082037219523
302598.7653533669,4123972.7785200435,1.4508334154070246
302598.77133713616,4123972.828160697,1.450855595874471
302598.7773198044,4123972.877801484,1.4508751045335586
302598.78330150415,4123972.9274423867,1.4508922669020001
302598.789282352,4123972.977083393,1.450907367388213
302598.79526245024,4123973.026724489,1.45092065650724
302598.8012418888,4123973.0763656646,1.450932349195326
302598.8072207469,4123973.12600691,1.450942645279587
302598.81319909386,4123973.175648217,1.4509517076435925
302598.81917699095,4123973.225289578,1.4509596945053125
302598.8251544916,4123973.274930987,1.4509667341164698
302598.8311316428,4123973.3245724384,1.4509729432134502
302598.83710848575,4123973.3742139265,1.4509784199122937
302598.8430850568,4123973.423855447,1.4509832635271112
302598.8490613875,4123973.4734969973,1.450987550383759
302598.85503750533,4123973.523138573,1.450991352099764
302598.8610134344,4123973.572780171,1.4509947355839106
302598.8669891956,4123973.6224217894,1.4509977529330287
302598.8729648069,4123973.6720634256,1.4510004582991205
302598.878940284,4123973.7217050786,1.451002888839221
302598.8849156404,4123973.7713467455,1.4510050940391708
302598.89089088736,4123973.820988426,1.451007104078493
302598.8968660345,4123973.870630118,1.45100895577174
302598.90284108976,4123973.920271822,1.451010680497258
302598.90881605935,4123973.9699135353,1.4510123069788388
302598.9147909482,4123974.0195552586,1.4510138606871972
302598.92076575995,4123974.069196991,1.4510153716305145
302598.9267404967,4123974.118838733,1.4510168606563296
302598.93271515955,4123974.168480484,1.4510183554612093
302598.9386897482,4123974.2181222434,1.451019876849781
302598.94466426125,4123974.267764012,1.4510214582546543
302598.95063869585,4123974.31740579,1.4510231194105991
302598.956613048,4123974.367047578,1.451024889169974
302598.9625873122,4123974.4166893763,1.4510268032339058
302598.9685614815,4123974.4663311867,1.4510288848907755
302598.97453554743,4123974.515973009,1.4510311709975277
302598.98050949984,4123974.565614845,1.4510337042761707
302598.98648332653,4123974.6152566965,1.4510365206000295
302598.9924570134,4123974.6648985646,1.4510396696260528
302598.9984305439,4123974.7145404513,1.4510432067470405
302599.0044038989,4123974.7641823594,1.4510471829052578
302599.01037705643,4123974.813824291,1.4510516707010122
302599.01634999126,4123974.86346625,1.4510567396563039
302599.0223226744,4123974.9131082385,1.4510624762410211
302599.0282950728,4123974.9627502616,1.4510689752755401
302599.0342671485,4123975.0123923235,1.451076346432436
302599.0402388584,4123975.0620344295,1.4510847018262127
302599.04621015344,4123975.1116765854,1.4510941881591788
302599.05218097754,4123975.1613187976,1.4511049601368637
302599.05815126695,4123975.2109610746,1.4511171923323851
302599.0641209491,4123975.260603424,1.4511310879079922
302599.07008994144,4123975.310245857,1.4511468757173465
302599.07605815004,4123975.359888384,1.4511648179133652
302599.08202546794,4123975.409531018,1.4511852021652942
302599.0879917739,4123975.459173774,1.4512083634428112
302599.0939569301,4123975.508816668,1.4512346806819256
302599.0999207798,4123975.5584597187,1.4512645847873207
302599.10588314495,4123975.6081029475,1.4512985596511971
302599.1118438235,4123975.6577463793,1.451337148340323
302599.1178025864,4123975.707390041,1.4513809838975436
302599.1237591731,4123975.7570339637,1.451430761595738
302599.1297132887,4123975.8066781834,1.4514872729707893
302599.1356645987,4123975.856322739,1.4515514130720055
302599.1416127246,4123975.905967676,1.4516241858834407
302599.1475572376,4123975.955613046,1.4517081257882996
302599.1534975834,4123976.005258915,1.4518020454028924
302599.15943326644,4123976.0549053415,1.4519084490555807
302599.1653636669,4123976.1045523994,1.4520288974914923
302599.1712880874,4123976.154200171,1.452165104992318
302599.1772057454,4123976.2038487494,1.4523189442079099
302599.18311576545,4123976.253498237,1.4524924331705458
302599.1890171718,4123976.3031487498,1.452687713771483
302599.19490888226,4123976.352800414,1.452907015660045
302599.2007897038,4123976.4024533685,1.4531525867440178
302599.2066583319,4123976.452107766,1.4534265829382915
302599.21251335467,4123976.50176377,1.4537309139990584
302599.2183532652,4123976.5514215524,1.454066998447268
302599.22417648626,4123976.6010812954,1.4544354098676215
302599.22998141166,4123976.65074318,1.454835375511097
302599.2357664736,4123976.7004073826,1.4552640368914114
302599.24153024575,4123976.7500740597,1.455715445868374
302599.2472715974,4123976.799743334,1.456179092852846
302599.2529899194,4123976.8494152646,1.4566378727154035
302599.2586854523,4123976.899089813,1.4570784101278953
302599.26435910113,4123976.9487668662,1.4574927673246074
302599.2700121655,4123976.998446266,1.4578767297583481
302599.2756461544,4123977.0481278333,1.4582286082770226
302599.2812626611,4123977.0978113795,1.4585483848064096
302599.28686327994,4123977.14749672,1.4588371039004306
302599.2924495534,4123977.1971836747,1.4590964606153967
302599.29802294006,4123977.246872077,1.459328503413772
302599.3035847967,4123977.2965617715,1.4595354442070643
302599.30913637043,4123977.3462526156,1.4597195238091223
302599.31467879703,4123977.3959444812,1.4598829202651715
302599.320213104,4123977.4456372513,1.4600277226869411
302599.32574021537,4123977.4953308227,1.4601558665288719
302599.33126095874,4123977.545025102,1.4602691410838207
302599.336776073,4123977.594720006,1.4603691831669299
302599.34228621563,4123977.644415462,1.4604574705700215
302599.34779197077,4123977.694111404,1.460535339793711
302599.3532938561,4123977.7438077745,1.460603985278731
302599.35879232996,4123977.7935045226,1.4606644779212044
302599.3642877976,4123977.8432016037,1.4607177664995137
302599.3697806169,4123977.8928989773,1.4607646998812196
302599.3752711037,4123977.9425966083,1.4608060288448927
302599.3807595366,4123977.9922944666,1.460842414587862
302599.3862461611,4123978.041992524,1.4608744516776127
302599.3917311935,4123978.091690758,1.460902656807586
302599.39721482416,4123978.141389146,1.4609274895660127
302599.4026972207,4123978.1910876706,1.4609493556989206
302599.40817853046,4123978.240786315,1.4609686155526276
302599.413658883,4123978.2904850645,1.4609855842078197
302599.4191383923,4123978.3401839077,1.461000536043222
302599.4246171585,4123978.3898828323,1.461013724811021
302599.43009526917,4123978.439581829,1.4610253619949722
302599.4355728015,4123978.4892808897,1.4610356427420434
302599.44104982296,4123978.538980007,1.4610447338184929
302599.44652639254,4123978.588679174,1.4610527895972267
302599.45200256177,4123978.638378385,1.4610599396788773
302599.45747837564,4123978.688077635,1.4610663031128714
302599.4629538732,4123978.7377769197,1.4610719892795463
302599.46842908824,4123978.787476236,1.4610770875541135
302599.4739040499,4123978.83717558,1.4610816857429991
302599.47937878297,4123978.886874949,1.4610858585115776
302599.4848533087,4123978.9365743413,1.4610896733870313
302599.4903276448,4123978.986273754,1.4610931992487985
302599.4958018057,4123979.035973186,1.4610964883062856
302599.50127580314,4123979.0856726365,1.4610996007316208
302599.50674964587,4123979.1353721037,1.4611025858697988
302599.5122233403,4123979.1850715876,1.461105488105534
302599.5176968904,4123979.234771087,1.4611083647462197
302599.52317029756,4123979.284470602,1.4611112643923603
302599.52864356065,4123979.3341701333,1.461114245177204
302599.53411667555,4123979.3838696806,1.4611173505219683
302599.53958963614,4123979.433569245,1.4611206003737536
302599.5450624352,4123979.483268827,1.4611240754581505
302599.5505350616,4123979.5329684285,1.461127837104576
302599.55600750097,4123979.58266805,1.461131941876035
302599.56147973635,4123979.6323676943,1.4611364542976886
302599.5669517475,4123979.6820673635,1.4611414579609106
302599.57242350996,4123979.73176706,1.461147033315225
302599.57789499534,4123979.7814667867,1.4611532742286797
302599.5833661705,4123979.8311665477,1.4611602857270296
302599.5888369972,4123979.880866347,1.4611681774645002
302599.5943074317,4123979.9305661893,1.461177085848196
302599.5997774235,4123979.9802660807,1.461187156542744
302599.6052469147,4123980.029966027,1.461198555765096
302599.61071583943,4123980.0796660357,1.4612114764852848
302599.616184122,4123980.129366115,1.4612261268554472
302599.62165167637,4123980.1790662743,1.4612427606209808
302599.6271184041,4123980.2287665247,1.4612616403210081
302599.6325841935,4123980.2784668785,1.4612830849192742
302599.63804891706,4123980.328167349,1.4613074521663447
302599.6435124296,4123980.3778679534,1.4613351376787083
302599.64897456614,4123980.4275687085,1.4613665997416583
302599.654435139,4123980.4772696355,1.4614023653330868
302599.6598939342,4123980.5269707576,1.4614430246560302
302599.66535070864,4123980.576672102,1.461489243412514
302599.6708051859,4123980.626373698,1.461541791905442
302599.67625705147,4123980.676075581,1.461601532280738
302599.6817059478,4123980.7257777895,1.4616694510979453
302599.68715146836,4123980.7754803677,1.4617466688677647
302599.692593151,4123980.8251833664,1.461834458854604
302599.69803047023,4123980.874886843,1.461934260825332
302599.7034628289,4123980.9245908614,1.4620477173552633
302599.70888954826,4123980.974295496,1.4621766885816312
302599.71430985717,4123981.0240008305,1.4623232846218022
302599.71972287935,4123981.0737069584,1.4624899022811597
302599.7251276196,4123981.123413988,1.46267925027962
302599.73052294774,4123981.1731220395,1.4628944027104362
302599.735907581,4123981.222831251,1.4631388321112626
302599.74128006364,4123981.2725417768,1.4634164688123543
302599.7466387446,4123981.322253792,1.4637317453084426
302599.7519817523,4123981.3719674945,1.4640896500624192
302599.7573069668,4123981.4216831056,1.4644957951451794
302599.76261198916,4123981.4714008756,1.4649564696716961
302599.76789410715,4123981.5211210833,1.4654787026221512
302599.7731502589,4123981.5708440426,1.4660703079376112
302599.77837699326,4123981.6205701022,1.4667399385944178
302599.7835704283,4123981.67029965,1.4674970956733588
302599.78872620873,4123981.7200331152,1.468352123654102
302599.7938394637,4123981.7697709696,1.4693161501935612
302599.7989047675,4123981.819513729,1.470400940006547
302599.8039161078,4123981.8692619526,1.4716186522008634
302599.80886686523,4123981.91901624,1.4729814107993608
302599.8137498148,4123981.9687772263,1.4745006477044438
302599.81855715986,4123982.0185455712,1.4761860981390216
302599.82328061585,4123982.068321946,1.4780443021979723
302599.8279115688,4123982.118107009,1.4800764191842108
302599.83244134305,4123982.1679013786,1.482275036696042
302599.83686162747,4123982.2177055846,1.4846196465229409
302599.8411651283,4123982.267520016,1.487070158014992
302599.8453465455,4123982.3173448443,1.4895577503649193
302599.8494040062,4123982.367179922,1.4919868168878094
302599.85334040254,4123982.4170247107,1.4942981242821354
302599.8571615821,4123982.466878468,1.4964576592613719
302599.8608750921,4123982.516740364,1.4984486787937432
302599.864489319,4123982.5666095573,1.500266054495829
302599.868012909,4123982.6164852385,1.5019122464007106
302599.87145438953,4123982.666366655,1.5033944967453994
302599.8748219296,4123982.7162531186,1.5047228677075795
302599.8781231991,4123982.766144013,1.5059088814668284
302599.88136529503,4123982.8160387883,1.5069646279043605
302599.884554713,4123982.865936959,1.5079021502342047
302599.8876973489,4123982.9158380986,1.5087330568681467
302599.8907985206,4123982.9657418327,1.5094682992089687
302599.8938630001,4123983.0156478332,1.5101180585266047
302599.8968950521,4123983.065555815,1.5106916515467161
302599.8998984767,4123983.1154655274,1.5111975819720356
302599.90287665016,4123983.1653767535,1.5116435025789174
302599.90583256684,4123983.2152893026,1.512036304363026
302599.90876887756,4123983.265203009,1.5123821481312905
302599.91168792575,4123983.3151177275,1.512686961125505
302599.91459175915,4123983.3650333337,1.5129559729387814
302599.9174821646,4123983.4149497193,1.5131911104730487
302599.9203608327,4123983.4648667835,1.5133979060964435
302599.9232291781,4123983.5147844413,1.5135797546582264
302599.92608844605,4123983.5647026203,1.5137396318037044
302599.9289397332,4123983.614621256,1.5138801756991163
302599.9317840045,4123983.6645402913,1.514003712183938
302599.934622109,4123983.714459678,1.5141122904574214
302599.9374547933,4123983.764379373,1.5142077149089166
302599.94028271403,4123983.814299337,1.5142915707762619
302599.9431064487,4123983.864219539,1.5143652577668523
302599.94592650485,4123983.9141399483,1.5144300073624803
302599.9487433287,4123983.9640605403,1.5144869013292113
302599.95155731234,4123984.0139812925,1.5145368877686929
302599.9543688006,4123984.0639021853,1.5145808079650318
302599.95717809635,4123984.113823201,1.514619397200147
302599.9599854657,4123984.1637443257,1.5146532993964752
302599.9627911426,4123984.2136655455,1.5146830837397787
302599.9655953326,4123984.263586849,1.5147092488657978
302599.9683982164,4123984.313508225,1.5147322371470855
302599.97119995265,4123984.3634296665,1.5147524317464311
302599.9740006807,4123984.413351164,1.514770172988113
302599.9768005231,4123984.4632727113,1.514785756505184
302599.97959958756,4123984.513194302,1.5147994478293676
302599.98239796853,4123984.5631159316,1.5148114719313048
302599.9851957492,4123984.613037594,1.5148220359868292
302599.9879930025,4123984.6629592865,1.5148313184734001
302599.99078979244,4123984.712881005,1.5148394710150146
302599.9935861754,4123984.762802746,1.5148466336123114
302599.99638220074,4123984.8127245074,1.5148529230192416
302599.99917791213,4123984.8626462864,1.5148584508196719
302600.00197334756,4123984.9125680807,1.5148633053509473
302600.0047685406,4123984.962489888,1.5148675735459058
302600.00756352063,4123985.012411708,1.514871325386641
302600.01035831333,4123985.062333538,1.5148746205516368
302600.01315294154,4123985.1122553777,1.5148775177993263
302600.0159474251,4123985.162177225,1.5148800669887525
302600.0187417814,4123985.21209908,1.5148823100852609
302600.02153602574,4123985.262020941,1.5148842864868441
302600.0243301714,4123985.3119428074,1.5148860270560578
302600.02712423017,4123985.3618646786,1.514887565379126
302600.02991821215,4123985.4117865544,1.5148889243038004
302600.03271212627,4123985.4617084335,1.5148901245090831
302600.0355059805,4123985.5116303163,1.514891192850167
302600.0382997814,4123985.5615522023,1.5148921427546973
302600.04109353485,4123985.6114740907,1.5148929915361298
302600.04388724593,4123985.6613959814,1.5148937561091067
302600.04668091884,4123985.711317874,1.5148944468130268
302600.0494745573,4123985.761239769,1.514895077717515
302600.05226816423,4123985.8111616657,1.5148956616082658
302600.055061742,4123985.861083564,1.5148962036549691
302600.05785529275,4123985.9110054635,1.5148967171636383
302600.06064881786,4123985.960927365,1.5148972063849413
302600.0634423185,4123986.0108492672,1.5148976838612203
302600.0662357954,4123986.0607711715,1.5148981556475067
302600.06902924867,4123986.1106930766,1.5148986314411226
302600.0718226782,4123986.160614983,1.5148991183377745
302600.0746160834,4123986.2105368907,1.514899630684086
302600.07740946306,4123986.2604588,1.5149001686017598
302600.0802028159,4123986.310380711,1.514900743835889
302600.08299613994,4123986.3603026234,1.514901369448985
302600.0857894328,4123986.410224538,1.5149020521382546
302600.08858269156,4123986.4601464537,1.5149028067705446
302600.09137591266,4123986.510068372,1.5149036462533034
302600.09416909184,4123986.5599902924,1.5149045827301584
302600.0969622243,4123986.6099122157,1.514905633115877
302600.0997553043,4123986.659834142,1.51490681885276
302600.1025483251,4123986.709756071,1.5149081562134994
302600.1053412791,4123986.7596780043,1.5149096696071416
302600.1081341576,4123986.8095999416,1.5149113846050768
302600.11092695047,4123986.8595218835,1.514913327298887
302600.11371964635,4123986.909443831,1.5149155360456252
302600.116512232,4123986.959365785,1.5149180423504023
302600.1193046925,4123987.0092877457,1.5149208924625757
302600.1220970107,4123987.0592097146,1.5149241348022167
302600.1248891671,4123987.1091316924,1.5149278227147025
302600.12768113933,4123987.1590536805,1.5149320166415319
302600.1304729022,4123987.20897568,1.5149367898099697
302600.1332644268,4123987.258897693,1.5149422251434703
302600.13605568005,4123987.3088197215,1.5149484088999823
302600.1388466246,4123987.358741767,1.514955449451722
302600.14163721766,4123987.408663832,1.5149634643174663
302600.1444274106,4123987.45858592,1.5149725841990873
302600.1472171483,4123987.5085080327,1.5149829658894485
302600.15000636765,4123987.5584301744,1.5149947847784533
302600.15279499703,4123987.6083523496,1.5150082369058446
302600.1555829548,4123987.6582745616,1.5150235514013892
302600.1583701481,4123987.708196817,1.5150409847472128
302600.16115647106,4123987.7581191207,1.515060827924603
302600.1639418034,4123987.8080414794,1.5150834177641475
302600.166726008,4123987.8579639015,1.5151091268602979
302600.16950892913,4123987.9078863948,1.5151383890367536
302600.1722903894,4123987.9578089695,1.5151717016529607
302600.17507018667,4123988.007731637,1.5152096148929068
302600.1778480912,4123988.0576544097,1.515252765989544
302600.1806238415,4123988.1075773025,1.5153018789634054
302600.1833971399,4123988.1575003313,1.5153577722464495
302600.18616764795,4123988.207423515,1.5154213812812254
302600.1889349804,4123988.257346875,1.515493767432162
302600.19169869914,4123988.307270435,1.515576136196465
302600.1944583057,4123988.357194223,1.5156698541295155
302600.1972132335,4123988.407118269,1.5157764756872005
302600.1999628383,4123988.4570426084,1.5158977619895262
302600.20270638797,4123988.506967281,1.516035710363597
302600.20544305054,4123988.556892331,1.5161925853443334
302600.2081718811,4123988.6068178103,1.5163709403973857
302600.21089180716,4123988.6567437756,1.5165736677722137
302600.2136016118,4123988.706670291,1.5168040231126596
302600.2162999155,4123988.756597429,1.5170656674090273
302600.218985156,4123988.8065252714,1.5173627128889313
302600.2216555655,4123988.856453909,1.5176997512296533
302600.224309147,4123988.906383444,1.518081903075857
302600.2269436476,4123988.956313989,1.5185148223600535
302600.22955653205,4123989.0062456694,1.5190047399691504
302600.2321449538,4123989.0561786243,1.5195584373414242
302600.2347057274,4123989.106113004,1.5201832074648716
302600.2372353029,4123989.1560489736,1.5208867712506515
302600.2397297447,4123989.20598671,1.521677111412519
302600.24218471785,4123989.255926402,1.522562188895655
302600.2445954895,4123989.305868246,1.5235495234589709
302600.2469569507,4123989.3558124457,1.5246455223735735
302600.24926367163,4123989.405759203,1.525854521810125
302600.25151000527,4123989.4557087114,1.5271773377000426
302600.2536902629,4123989.5056611467,1.5286092143670105
302600.2557989926,4123989.555616652,1.5301368597969072
302600.2578314055,4123989.60557532,1.5317342494936799
302600.2597840124,4123989.6555371704,1.53335666397938
302600.26165555796,4123989.705502124,1.5349405911519474
302600.2634479604,4123989.7554699797,1.5364468953072008
302600.26516509405,4123989.8054404804,1.5378532625472678
302600.2668119492,4123989.855413347,1.5391488498658683
302600.2683940588,4123989.9053883064,1.5403304676027105
302600.26991711603,4123989.955365101,1.541399912477161
302600.271386725,4123990.005343497,1.5423620869496624
302600.2728082454,4123990.0553232837,1.5432237144156469
302600.2741867013,4123990.105304277,1.543992449644206
302600.27552673465,4123990.1552863163,1.5446762761664024
302600.27683258866,4123990.20526926,1.545283125867253
302600.2781081103,4123990.255252987,1.5458206318943586
302600.2793567652,4123990.305237393,1.5462959743263416
302600.2805816603,4123990.355222387,1.5467158103653682
302600.28178556974,4123990.4052078906,1.5470862401680516
302600.282970963,4123990.4551938367,1.547412797771629
302600.2841400329,4123990.5051801675,1.547700485370528
302600.2852947223,4123990.5551668326,1.5479537821480422
302600.2864367502,4123990.6051537883,1.548176696121513
302600.2875676353,4123990.655140998,1.5483727973661892
302600.2886887178,4123990.705128428,1.5485452571769287
302600.2898011795,4123990.7551160506,1.5486968846677094
302600.29090606165,4123990.8051038412,1.5488301673048552
302600.2920042813,4123990.855091779,1.5489473093232136
302600.29309664527,4123990.9050798453,1.5490502424099388
302600.2941838638,4123990.9550680234,1.5491406858693124
302600.2952665612,4123991.0050562997,1.5492201426734846
302600.2963452867,4123991.0550446617,1.549289944145464
302600.29742052295,4123991.105033099,1.5493512590248268
302600.29849269416,4123991.1550216023,1.5494051158224174
302600.29956217314,4123991.205010163,1.5494525915316972
302600.3006292789,4123991.2549987747,1.549494094876389
302600.3016943099,4123991.3049874306,1.5495305468897838
302600.3027575188,4123991.354976125,1.549562560174243
302600.3038191273,4123991.4049648535,1.549590678464381
302600.3048793303,4123991.454953612,1.5496153735310387
302600.30593829876,4123991.5049423967,1.5496370595224376
302600.3069961832,4123991.5549312043,1.5496561046231947
302600.30805311556,4123991.604920032,1.5496728291007067
302600.3091092119,4123991.6549088773,1.5496875169449462
302600.310164574,4123991.704897738,1.5497004118028455
302600.3112192915,4123991.7548866128,1.5497117379129806
302600.31227344286,4123991.804875499,1.5497216842192412
302600.313327097,4123991.8548643957,1.5497304187147953
302600.3143803145,4123991.904853302,1.54973808513393
302600.31543314876,4123991.9548422163,1.5497448188809133
302600.3164856464,4123992.0048311376,1.5497507270340967
302600.3175378487,4123992.054820065,1.5497559168678243
302600.3185897916,4123992.104808998,1.5497604754782874
302600.3196415066,4123992.1547979354,1.5497644765827066
302600.3206930216,4123992.2047868776,1.5497679882633268
302600.321744361,4123992.254775823,1.5497710704664107
302600.3227955464,4123992.304764772,1.5497737767310895
302600.32384659647,4123992.354753724,1.5497761508938546
302600.32489752787,4123992.404742678,1.5497782373785693
302600.32594835496,4123992.4547316344,1.549780066837978
302600.3269990906,4123992.504720593,1.5497816724378948
302600.328049746,4123992.554709553,1.5497830813393692
302600.32910033094,4123992.604698514,1.5497843191481007
302600.330150854,4123992.654687477,1.5497854009947276
302600.331201323,4123992.704676441,1.5497863511254077
302600.3322517445,4123992.754665406,1.5497871858347076
302600.3333021243,4123992.8046543715,1.5497879185124264
302600.33435246744,4123992.8546433384,1.549788560983203
302600.33540277847,4123992.9046323053,1.5497891235364076
302600.3364530614,4123992.954621273,1.549789616255823
302600.33750331966,4123993.004610242,1.5497900503891686
302600.33855355624,4123993.0545992106,1.5497904288511133
302600.3396037739,4123993.10458818,1.549790764053275
302600.3406539748,4123993.154577149,1.5497910577463956
302600.341704161,4123993.2045661192,1.5497913126397078
302600.3427543345,4123993.2545550894,1.5497915372717157
302600.34380449675,4123993.3045440596,1.5497917341658176
302600.34485464916,4123993.35453303,1.5497919052585918
302600.345904793,4123993.404522001,1.5497920555968345
302600.34695492935,4123993.454510972,1.5497921871171307
302600.3480050591,4123993.504499943,1.5497923046706703
302600.349055183,4123993.554488914,1.549792404961364
302600.3501053019,4123993.6044778856,1.5497924908941008
302600.35115541646,4123993.6544668567,1.5497925679068647
302600.3522055272,4123993.7044558283,1.5497926365767547
302600.3532556345,4123993.7544448,1.5497926936076802
302600.35430573893,4123993.8044337714,1.5497927471469168
302600.3553558407,4123993.854422743,1.5497927913749818
302600.35640594026,4123993.9044117145,1.54979283347085
302600.3574560377,4123993.9544006865,1.5497928658643545
302600.35850613355,4123994.004389658,1.5497928951573612
302600.3595562279,4123994.05437863,1.5497929205674879
302600.360606321,4123994.1043676017,1.5497929452049084
302600.3616564129,4123994.1543565737,1.5497929638272514
302600.36270650383,4123994.2043455457,1.5497929810901037
302600.3637565939,4123994.2543345173,1.5497929952524556
302600.36480668327,4123994.3043234893,1.549793009219213
302600.36585677194,4123994.3543124613,1.5497930208581774
302600.36690686,4123994.4043014334,1.549793030169349
302600.36795694765,4123994.4542904054,1.5497930392849266
302600.3690070348,4123994.504279377,1.5497930476277957
302600.37005712156,4123994.554268349,1.5497930546111744
302600.37110720796,4123994.604257321,1.5497930615945532
302600.372157294,4123994.654246293,1.5497930685779318
302600.3732073797,4123994.704235265,1.5497930732335177
302600.3742574652,4123994.754224237,1.5497930755613105
302600.37530755054,4123994.804213209,1.5497930778891034
302600.3763576358,4123994.854202181,1.5497930813807927
302600.37740772084,4123994.904191153,1.5497930837085858
302600.3784578058,4123994.954180125,1.549793087200275
302600.37950789055,4123995.004169097,1.5497930883641715
302600.38055797527,4123995.054158069,1.5497930906919644
302600.38160805986,4123995.104147041,1.5497930906919644
302600.38265814446,4123995.1541360132,1.549793091855861
302600.383708229,4123995.2041249853,1.5497930916602674
302600.38475831354,4123995.254113957,1.5497930930197574
302600.385808398,4123995.304102929,1.5497930941836537
302600.38685848244,4123995.354091901,1.5497930941836537
302600.38790856686,4123995.404080873,1.5497930953475503
302600.3889586512,4123995.454069845,1.5497930953475503
302600.3900087356,4123995.504058817,1.5497930965114468
302600.3910588199,4123995.554047789,1.5497930965114468
302600.3921089042,4123995.604036761,1.5497930976753431
302600.39315898845,4123995.654025733,1.5497930976753431
302600.3942090727,4123995.704014705,1.5497930965114468
302600.395259157,4123995.754003677,1.5497930976753431
302600.39630924125,4123995.803992649,1.5497930965114468
302600.39735932555,4123995.853981621,1.5497930988392397
302600.39840940974,4123995.903970593,1.5497930976753431
302600.399459494,4123995.953959565,1.5497930976753431
302600.40050957823,4123996.003948537,1.5497930976753431
302600.4015596625,4123996.053937509,1.5497930976753431
302600.4026097467,4123996.103926481,1.5497930976753431
302600.403659831,4123996.1539154532,1.5497930965114468
302600.4047099153,4123996.2039044253,1.5497930976753431
302600.4057599995,4123996.2538933973,1.5497930988392397
302600.4068100837,4123996.3038823693,1.5497930976753431
302600.40786016796,4123996.3538713413,1.5497930976753431
302600.4089102522,4123996.4038603134,1.5497930976753431
302600.40996033646,4123996.4538492854,1.5497930965114468
302600.41101042076,4123996.5038382574,1.5497930976753431
302600.412060505,4123996.5538272294,1.5497930988392397
302600.4131105892,4123996.6038162014,1.5497930976753431
302600.41416067345,4123996.6538051735,1.5497930976753431
302600.4152107577,4123996.7037941455,1.5497930965114468
302600.416260842,4123996.7537831175,1.5497930976753431
302600.41731092625,4123996.8037720895,1.5497930976753431
302600.4183610105,4123996.8537610616,1.5497930976753431
302600.41941109474,4123996.9037500336,1.5497930988392397
302600.42046117893,4123996.9537390056,1.5497930976753431
302600.4215112632,4123997.0037279776,1.5497930965114468
302600.4225613475,4123997.0537169497,1.5497930976753431
302600.42361143173,4123997.1037059217,1.5497930976753431
302600.424661516,4123997.1536948937,1.5497930976753431
302600.4257116002,4123997.2036838657,1.5497930988392397
302600.4267616844,4123997.2536728377,1.5497930976753431
302600.42781176866,4123997.30366181,1.5497930965114468
302600.42886185297,4123997.353650782,1.5497930976753431
302600.4299119372,4123997.403639754,1.5497930976753431
302600.43096202146,4123997.453628726,1.5497930976753431
302600.4320121057,4123997.503617698,1.5497930976753431
302600.43306218996,4123997.55360667,1.5497930988392397
302600.43411227415,4123997.603595642,1.5497930965114468
302600.43516235845,4123997.653584614,1.5497930976753431
302600.4362124427,4123997.703573586,1.5497930976753431
302600.43726252695,4123997.753562558,1.5497930965114468
302600.43831261125,4123997.80355153,1.5497930974797498
302600.4393626955,4123997.8535405016,1.5497930988392397
302600.4404127797,4123997.9035294736,1.5497930976753431
302600.44146286394,4123997.9535184456,1.5497930976753431
302600.4425129482,4123998.0035074176,1.5497930976753431
302600.44356303243,4123998.0534963896,1.5497930965114468
302600.44461311674,4123998.1034853617,1.5497930976753431
302600.445663201,4123998.1534743337,1.5497930988392397
302600.4467132852,4123998.2034633057,1.5497930976753431
302600.4477633694,4123998.2534522777,1.5497930976753431
302600.44881345367,4123998.3034412498,1.5497930965114468
302600.449863538,4123998.353430222,1.5497930976753431
302600.4509136222,4123998.403419194,1.5497930976753431
302600.45196370647,4123998.453408166,1.5497930988392397
302600.45301379065,4123998.503397138,1.5497930976753431
302600.4540638749,4123998.55338611,1.5497930976753431
302600.45511395915,4123998.603375082,1.5497930976753431
302600.4561640434,4123998.653364054,1.5497930965114468
302600.4572141277,4123998.703353026,1.5497930976753431
302600.45826421195,4123998.753341998,1.5497930976753431
302600.4593142962,4123998.80333097,1.5497930988392397
302600.4603643804,4123998.853319942,1.5497930976753431
302600.46141446463,4123998.903308914,1.5497930965114468
302600.46246454894,4123998.953297886,1.5497930976753431
302600.4635146332,4123999.003286858,1.5497930976753431
302600.46456471743,4123999.05327583,1.5497930976753431
302600.4656148017,4123999.103264802,1.5497930976753431
302600.4666648859,4123999.153253774,1.5497930988392397
302600.4677149701,4123999.203242746,1.5497930965114468
302600.4687650544,4123999.253231718,1.5497930976753431
302600.46981513867,4123999.30322069,1.5497930976753431
302600.4708652229,4123999.3532096623,1.5497930965114468
302600.4719153072,4123999.4031986343,1.5497930976753431
302600.47296539147,4123999.4531876063,1.5497930988392397
302600.47401547566,4123999.5031765783,1.5497930988392397
302600.47506555985,4123999.5531655503,1.5497930965114468
302600.47611564415,4123999.6031545224,1.5497930976753431
302600.4771657284,4123999.6531434944,1.5497930965114468
302600.4782158127,4123999.7031324664,1.5497930976753431
302600.47926589695,4123999.7531214384,1.5497930988392397
302600.48031598114,4123999.8031104105,1.5497930976753431
302600.4813660654,4123999.8530993825,1.5497930976753431
302600.48241614964,4123999.9030883545,1.5497930976753431
302600.4834662339,4123999.9530773265,1.5497930965114468
302600.4845163182,4124000.0030662986,1.5497930976753431
302600.48556640244,4124000.0530552706,1.5497930988392397
302600.4866164866,4124000.1030442426,1.5497930976753431
302600.4876665709,4124000.1530332146,1.5497930976753431
302600.4887166551,4124000.2030221866,1.5497930976753431
302600.48976673937,4124000.2530111587,1.5497930965114468
302600.4908168237,4124000.3030001307,1.5497930976753431
302600.4918669079,4124000.3529891027,1.5497930976753431
302600.49291699217,4124000.4029780747,1.5497930988392397
302600.49396707636,4124000.4529670468,1.5497930976753431
302600.4950171606,4124000.502956019,1.5497930974797498
302600.49606724485,4124000.5529449903,1.5497930965114468
302600.49711732916,4124000.6029339624,1.5497930976753431
302600.4981674134,4124000.6529229344,1.5497930976753431
302600.49921749765,4124000.7029119064,1.5497930976753431
302600.5002675819,4124000.7529008784,1.5497930988392397
302600.5013176661,4124000.8028898505,1.5497930965114468
302600.5023677504,4124000.8528788225,1.5497930976753431
302600.50341783464,4124000.9028677945,1.5497930976753431
302600.5044679189,4124000.9528567665,1.5497930965114468
302600.5055180032,4124001.0028457385,1.5497930976753431
302600.50656808744,4124001.0528347106,1.5497930988392397
302600.5076181716,4124001.1028236826,1.5497930988392397
302600.5086682558,4124001.1528126546,1.5497930965114468
302600.5097183401,4124001.2028016266,1.5497930976753431
302600.51076842437,4124001.2527905987,1.5497930976753431
302600.5118185086,4124001.3027795707,1.5497930965114468
302600.5128685929,4124001.3527685427,1.5497930988392397
302600.5139186771,4124001.4027575147,1.5497930976753431
302600.51496876136,4124001.4527464868,1.5497930976753431
302600.5160188456,4124001.502735459,1.5497930976753431
302600.51706892985,4124001.552724431,1.5497930965114468
302600.51811901416,4124001.602713403,1.5497930976753431
302600.5191690984,4124001.652702375,1.5497930988392397
302600.5202191826,4124001.702691347,1.5497930976753431
302600.52126926684,4124001.752680319,1.5497930976753431
302600.5223193511,4124001.802669291,1.5497930965114468
302600.5233694354,4124001.852658263,1.5497930976753431
302600.52441951964,4124001.902647235,1.5497930976753431
302600.5254696039,4124001.952636207,1.5497930976753431
302600.52651968814,4124002.002625179,1.5497930976753431
302600.5275697724,4124002.052614151,1.5497930988392397
302600.5286198566,4124002.102603123,1.5497930976753431
302600.5296699408,4124002.152592095,1.5497930965114468
302600.5307200251,4124002.202581067,1.5497930976753431
302600.5317701094,4124002.252570039,1.5497930976753431
302600.5328201936,4124002.302559011,1.5497930976753431
302600.53387027787,4124002.352547983,1.5497930988392397
302600.53492036206,4124002.402536955,1.5497930976753431
302600.5359704463,4124002.452525927,1.5497930965114468
302600.5370205306,4124002.5025148992,1.5497930976753431
302600.53807061486,4124002.5525038713,1.5497930965114468
302600.53912069916,4124002.6024928433,1.5497930988392397
302600.54017078335,4124002.6524818153,1.5497930988392397
302600.54122086754,4124002.7024707873,1.5497930965114468
302600.54227095185,4124002.7524597594,1.5497930976753431
302600.5433210361,4124002.8024487314,1.5497930976753431
302600.54437112034,4124002.8524377034,1.5497930976753431
302600.5454212046,4124002.9024266754,1.5497930965114468
302600.5464712889,4124002.9524156475,1.5497930988392397
302600.5475213731,4124003.0024046195,1.5497930988392397
302600.5485714573,4124003.0523935915,1.5497930965114468
302600.5496215416,4124003.1023825635,1.5497930976753431
302600.5506716258,4124003.1523715355,1.5497930976753431
302600.5517217101,4124003.2023605076,1.5497930963158533
302600.5527717944,4124003.252349479,1.5497930988392397
302600.55382187857,4124003.302338451,1.5497930976753431
302600.5548719628,4124003.352327423,1.5497930976753431
302600.55592204706,4124003.402316395,1.5497930976753431
302600.5569721313,4124003.452305367,1.5497930965114468
302600.5580222156,4124003.5022943392,1.5497930976753431
302600.55907229986,4124003.5522833113,1.5497930976753431
302600.5601223841,4124003.6022722833,1.5497930976753431
302600.56117246835,4124003.6522612553,1.5497930988392397
302600.56222255254,4124003.7022502273,1.5497930976753431
302600.5632726368,4124003.7522391994,1.5497930965114468
302600.5643227211,4124003.8022281714,1.5497930976753431
302600.56537280534,4124003.8522171434,1.5497930976753431
302600.5664228896,4124003.9022061154,1.5497930976753431
302600.56747297384,4124003.9521950874,1.5497930988392397
302600.568523058,4124004.0021840595,1.5497930976753431
302600.5695731423,4124004.0521730315,1.5497930965114468
302600.5706232266,4124004.1021620035,1.5497930976753431
302600.5716733108,4124004.1521509755,1.5497930976753431
302600.5727233951,4124004.2021399476,1.5497930976753431
302600.5737734793,4124004.2521289196,1.5497930988392397
302600.5748235635,4124004.3021178916,1.5497930976753431
302600.57587364776,4124004.3521068636,1.5497930965114468
302600.57692373206,4124004.4020958357,1.5497930976753431
302600.5779738163,4124004.4520848077,1.5497930976753431
302600.57902390056,4124004.5020737797,1.5497930965114468
302600.58007398486,4124004.5520627517,1.5497930988392397
302600.58112406905,4124004.6020517237,1.5497930988392397
302600.58217415324,4124004.652040696,1.5497930965114468
302600.58322423755,4124004.702029668,1.5497930976753431
302600.5842743218,4124004.75201864,1.5497930976753431
302600.58532440604,4124004.802007612,1.5497930965114468
302600.58637449035,4124004.851996584,1.5497930988392397
302600.58742457454,4124004.901985556,1.5497930976753431
302600.5884746588,4124004.951974528,1.5497930976753431
302600.58952474303,4124005.0019635,1.5497930976753431
302600.5905748273,4124005.051952472,1.5497930965114468
302600.5916249116,4124005.101941444,1.5497930976753431
302600.59267499583,4124005.151930416,1.5497930976753431
302600.5937250801,4124005.201919388,1.5497930988392397
302600.59477516427,4124005.25190836,1.5497930976753431
302600.5958252485,4124005.301897332,1.5497930976753431
302600.59687533276,4124005.351886304,1.5497930976753431
302600.597925417,4124005.401875276,1.5497930965114468
302600.5989755013,4124005.451864248,1.5497930976753431
302600.60002558556,4124005.50185322,1.5497930976753431
302600.6010756698,4124005.551842192,1.5497930988392397
302600.602125754,4124005.601831164,1.5497930976753431
302600.60317583825,4124005.6518201362,1.5497930965114468
302600.60422592255,4124005.7018091083,1.5497930976753431
302600.6052760068,4124005.7517980803,1.5497930976753431
302600.60632609105,4124005.8017870523,1.5497930976753431
302600.6073761753,4124005.8517760243,1.5497930988392397
302600.6084262595,4124005.9017649963,1.5497930974797498
302600.6094763437,4124005.951753968,1.5497930965114468
302600.61052642803,4124006.00174294,1.5497930976753431
302600.6115765123,4124006.051731912,1.5497930976753431
302600.6126265965,4124006.101720884,1.5497930965114468
302600.61367668083,4124006.151709856,1.5497930988392397
302600.614726765,4124006.201698828,1.5497930988392397
302600.6157768492,4124006.2516878,1.5497930965114468
302600.6168269335,4124006.301676772,1.5497930976753431
302600.61787701776,4124006.351665744,1.5497930976753431
302600.618927102,4124006.401654716,1.5497930965114468
302600.6199771863,4124006.451643688,1.5497930988392397
302600.6210272705,4124006.50163266,1.5497930976753431
302600.62207735475,4124006.551621632,1.5497930976753431
302600.623127439,4124006.601610604,1.5497930976753431
302600.62417752325,4124006.651599576,1.5497930976753431
302600.6252276075,4124006.7015885483,1.5497930965114468
302600.6262776918,4124006.7515775203,1.5497930976753431
302600.62732777605,4124006.8015664923,1.5497930988392397
302600.62837786024,4124006.8515554643,1.5497930976753431
302600.6294279445,4124006.9015444363,1.5497930976753431
302600.63047802873,4124006.9515334084,1.5497930976753431
302600.631528113,4124007.0015223804,1.5497930965114468
302600.6325781973,4124007.0515113524,1.5497930976753431
302600.63362828153,4124007.1015003244,1.5497930976753431
302600.6346783658,4124007.1514892965,1.5497930965114468
302600.6357284501,4124007.2014782685,1.5497930953475503
302600.63677853445,4124007.2514672405,1.5497930953475503
302600.6378286188,4124007.3014562125,1.5497930930197574
302600.6388787033,4124007.3514451846,1.5497930930197574
302600.6399287878,4124007.4014341566,1.5497930930197574
302600.64097887225,4124007.4514231286,1.549793091855861
302600.6420289568,4124007.5014121006,1.549793091855861
302600.6430790413,4124007.5514010726,1.5497930906919644
302600.6441291259,4124007.6013900447,1.549793089528068
302600.6451792106,4124007.6513790167,1.549793087200275
302600.64622929535,4124007.7013679887,1.5497930837085858
302600.6472793803,4124007.7513569607,1.5497930825446893
302600.6483294653,4124007.8013459328,1.549793079053
302600.6493795505,4124007.851334905,1.549793075365717
302600.65042963583,4124007.9013238763,1.5497930743974142
302600.65147972124,4124007.9513128484,1.5497930685779318
302600.65252980695,4124008.0013018204,1.5497930615945532
302600.653579893,4124008.0512907924,1.549793055775071
302600.65462997934,4124008.1012797644,1.5497930476277957
302600.6556800661,4124008.1512687365,1.5497930394805206
302600.65673015325,4124008.2012577085,1.5497930290054525
302600.65778024093,4124008.2512466805,1.5497930206625832
302600.658830329,4124008.301235652,1.54979300689142
302600.6598804178,4124008.351224624,1.549792994088559
302600.66093050723,4124008.401213596,1.5497929766301124
302600.66198059754,4124008.451202568,1.5497929554843817
302600.6630306889,4124008.5011915397,1.549792933565944
302600.66408078134,4124008.5511805117,1.5497929056324293
302600.6651308752,4124008.6011694837,1.549792875175526
302600.66618097055,4124008.6511584553,1.5497928390947362
302600.6672310677,4124008.701147427,1.549792799717853
302600.6682811669,4124008.751136399,1.5497927518025025
302600.6693312684,4124008.8011253704,1.5497926970993696
302600.6703813727,4124008.851114342,1.5497926354128582
302600.67143148003,4124008.9011033135,1.5497925644151753
302600.67248159094,4124008.951092285,1.5497924804190328
302600.67353170604,4124009.001081256,1.5497923851751247
302600.6745818259,4124009.0510702278,1.549792274409363
302600.6756319513,4124009.101059199,1.549792147544652
302600.67668208305,4124009.15104817,1.5497920041897884
302600.67773222196,4124009.2010371406,1.5497918365887027
302600.67878236924,4124009.251026111,1.5497916480374827
302600.67983252596,4124009.301015082,1.5497914313571417
302600.6808826935,4124009.351004052,1.5497911834472067
302600.68193287344,4124009.400993022,1.5497908992608722
302600.6829830676,4124009.450981992,1.549790570846473
302600.68403327814,4124009.500970961,1.5497901995635261
302600.68508350727,4124009.5509599303,1.549789772022311
302600.68613375776,4124009.6009488986,1.5497892831858378
302600.6871840327,4124009.650937867,1.549788725288223
302600.6882343355,4124009.7009268343,1.5497880847539602
302600.68928467034,4124009.7509158007,1.5497873536314246
302600.6903350417,4124009.8009047667,1.549786521054266
302600.69138545473,4124009.8508937317,1.5497855685957898
302600.69243591535,4124009.900882696,1.5497844787975597
302600.69348643045,4124009.950871659,1.5497832363332513
302600.69453700766,4124010.0008606208,1.5497818155971248
302600.6955876559,4124010.0508495807,1.549780198358241
302600.69663838495,4124010.100838539,1.5497783493083255
302600.69768920646,4124010.150827496,1.5497762416777456
302600.6987401333,4124010.20081645,1.5497738382218034
302600.6997911803,4124010.2508054017,1.5497710951040233
302600.70084236446,4124010.300794351,1.5497679684770975
302600.7018937049,4124010.3507832964,1.5497644053892055
302600.7029452234,4124010.400772238,1.5497603404663913
302600.7039969452,4124010.4507611757,1.5497557073666275
302600.7050488985,4124010.5007501086,1.549750425585185
302600.7061011159,4124010.550739036,1.549744406665944
302600.70715363417,4124010.6007279567,1.549737548186072
302600.70820649527,4124010.65071687,1.54972973395223
302600.709259747,4124010.7007057755,1.5497208285603774
302600.7103134439,4124010.7506946716,1.5497106830319
302600.711367648,4124010.800683557,1.5496991237500475
302600.7124224299,4124010.85067243,1.5496859567374408
302600.71347787,4124010.900661289,1.5496709556092099
302600.71453406,4124010.9506501327,1.5496538712918981
302600.715591104,4124011.000638958,1.549634410287375
302600.71664912085,4124011.0506277625,1.5496122459361665
302600.7177082457,4124011.100616544,1.5495869989874802
302600.71876863256,4124011.1506052986,1.5495582448175749
302600.71983045683,4124011.2005940224,1.5495255004121464
302600.72089391795,4124011.250582712,1.5494882086397261
302600.72195924324,4124011.300571361,1.5494457388702263
302600.7230266915,4124011.3505599652,1.5493973760798843
302600.7240965574,4124011.400548518,1.5493423010594933
302600.7251691764,4124011.4505370115,1.5492795865905833
302600.7262449304,4124011.5005254378,1.5492081711739771
302600.72732425435,4124011.5505137867,1.5491268525185433
302600.72840764327,4124011.600502048,1.5490342560364359
302600.7294956609,4124011.650490209,1.5489288226854259
302600.730588949,4124011.700478255,1.548808774209078
302600.73168823804,4124011.750466169,1.5486720949192196
302600.7327943594,4124011.800453932,1.5485164791185522
302600.7339082596,4124011.8504415224,1.548339311313925
302600.735031016,4124011.900428915,1.548137620403354
302600.73616385437,4124011.9504160797,1.5479080236928044
302600.7373081696,4124012.0004029833,1.547646676540613
302600.7384655487,4124012.050389586,1.5473492161594053
302600.7396377968,4124012.100375842,1.5470106861944202
302600.7408269667,4124012.150361698,1.546625463963695
302600.74203539215,4124012.200347092,1.546187175587603
302600.7432657255,4124012.250331952,1.5456886029876191
302600.74452097976,4124012.3003161913,1.545121578554392
302600.7458045761,4124012.3502997104,1.5444768829775537
302600.7471203963,4124012.4002823913,1.5437441122276325
302600.748472842,4124012.4502640944,1.54291156984504
302600.74986689904,4124012.500244653,1.541966132196488
302600.751308209,4124012.5502238707,1.5408931307019667
302600.7528031458,4124012.6002015118,1.5396762393899697
302600.7543588988,4124012.650177295,1.5382973915165838
302600.75598355924,4124012.7001508838,1.5367367299193113
302600.75768620946,4124012.750121874,1.5349726484425497
302600.75947700976,4124012.8000897793,1.5329819316033721
302600.7613672783,4124012.8500540177,1.5307400362847299
302600.7633695564,4124012.9000138887,1.5282216589064843
302600.7654976456,4124012.949968553,1.5254016266311894
302600.76776659966,4124012.999917012,1.5222562948227696
302600.77019264636,4124013.04985808,1.5187656795560962
302600.7727930026,4124013.099790368,1.5149165821301924
302600.7755855329,4124013.149712269,1.5107071378363168
302600.7785881808,4124013.1996219647,1.5061533579294937
302600.78181807406,4124013.249517462,1.501298399500279
302600.78529016854,4124013.299396686,1.4962256602441582
302600.78901524155,4124013.3492576545,1.4910771321474865
302600.7929969751,4124013.39909879,1.4860552571492869
302600.79722895415,4124013.44891931,1.4812840446089108
302600.80169858935,4124013.4987190817,1.476833537565606
302600.8063898147,4124013.5484984783,1.472737188396195
302600.8112849148,4124013.598258249,1.4690041122239954
302600.8163657381,4124013.647999407,1.4656277360561036
302600.82161447767,4124013.6977231326,1.4625917544000184
302600.82701415365,4124013.747430699,1.4598742824515991
302600.83254888887,4124013.797123412,1.457450641860357
302600.8382040453,4124013.846802568,1.4552952281903142
302600.8439662679,4124013.896469421,1.453382728826518
302600.8498234679,4124013.946125165,1.4516888703159108
302600.8557647694,4124013.9957709177,1.4501908758786082
302600.8617804334,4124014.0454077153,1.4488676712302817
302600.8678617718,4124014.09503651,1.4476999940956183
302600.8740010565,4124014.14465817,1.4466693638319061
302600.8801914795,4124014.194273477,1.4457557045438962
302600.8864272314,4124014.243883107,1.4449583108692288
302600.89270253974,4124014.2934877486,1.4442562116982822
302600.8990126739,4124014.343087972,1.4436382365865101
302600.90535345854,4124014.392684287,1.4430944477092509
302600.91172121215,4124014.442277146,1.442616049844313
302600.91811269015,4124014.491866953,1.442195257361916
302600.9245250347,4124014.541454067,1.4418251878341843
302600.9309557294,4124014.591038804,1.4414997653053903
302600.93740255974,4124014.6406214456,1.4412136333700456
302600.943863577,4124014.6902022404,1.4409620710055817
302600.9503370667,4124014.7397814086,1.4407409138145075
302600.9568215211,4124014.789359144,1.440546502321553
302600.96331561386,4124014.838935618,1.440375603219233
302600.9698181791,4124014.888510981,1.4402253840757078
302600.9763281914,4124014.938085367,1.4400933462741754
302600.98284474935,4124014.9876588928,1.4399772903825925
302600.98936706054,4124015.037231662,1.4398752873597291
302600.99589442834,4124015.086803766,1.4397856342642639
302601.00242624036,4124015.1363752843,1.4397068376170106
302601.0089619584,4124015.1859462876,1.4396375874579197
302601.01550110924,4124015.2355168383,1.4395767274575173
302601.022043277,4124015.2850869913,1.4395232408720484
302601.028588096,4124015.3346567936,1.4394762350328782
302601.03513524507,4124015.3842262886,1.43943492890029
302601.04168444173,4124015.4337955136,1.439398624593708
302601.0482354379,4124015.4833645,1.4393667251689435
302601.0547880153,4124015.532933278,1.4393386932339307
302601.0613419822,4124015.582501872,1.4393140610406363
302601.0678971701,4124015.6320703044,1.4392924162394236
302601.0744534309,4124015.681638595,1.439273397126981
302601.0810106344,4124015.731206761,1.4392566861240488
302601.0875686663,4124015.780774818,1.4392420036022513
302601.094127426,4124015.830342778,1.4392291035366926
302601.10068682506,4124015.8799106535,1.4392177676008915
302601.107246786,4124015.9294784544,1.4392078098507766
302601.11380724056,4124015.97904619,1.4391990615858163
302601.12036812876,4124016.0286138686,1.4391913784091197
302601.1269293978,4124016.078181497,1.4391846309269143
302601.1334910013,4124016.127749081,1.439178701286233
302601.1400528987,4124016.1773166256,1.439173495938018
302601.1466150541,4124016.226884136,1.4391689237779628
302601.1531774362,4124016.276451617,1.4391649059189582
302601.1597400174,4124016.326019071,1.4391613814676827
302601.1663027733,4124016.3755865023,1.4391582878988785
302601.1728656826,4124016.4251539134,1.439155570833972
302601.1794287265,4124016.4747213065,1.4391531853321369
302601.18599188863,4124016.5242886837,1.4391510886924337
302601.19255515473,4124016.5738560474,1.4391492496178764
302601.199118512,4124016.623423399,1.4391476346401246
302601.2056819493,4124016.67299074,1.4391462183694261
302601.21224545676,4124016.7225580714,1.4391449777242058
302601.21880902577,4124016.772125395,1.439143890708487
302601.2253726487,4124016.8216927117,1.439142935326265
302601.2319363189,4124016.871260022,1.439142097797082
302601.23850003065,4124016.9208273264,1.4391413631179235
302601.2450637788,4124016.9703946263,1.4391407196109738
302601.25162755884,4124017.0199619215,1.4391401570950835
302601.2581913668,4124017.0695292135,1.439139661515748
302601.2647551993,4124017.119096502,1.4391392283251756
302601.2713190533,4124017.168663788,1.4391388470681248
302601.27788292617,4124017.2182310713,1.4391385155735155
302601.2844468155,4124017.2677983525,1.4391382255571792
302601.29101071914,4124017.3173656315,1.439137971454353
302601.2975746354,4124017.366932909,1.4391377496657158
302601.3041385627,4124017.416500185,1.4391375521127183
302601.31070249976,4124017.46606746,1.4391373823261444
302601.31726644526,4124017.5156347337,1.4391372309362662
302601.3238303982,4124017.565202006,1.439137102765055
302601.33039435756,4124017.614769278,1.4391369872201474
302601.3369583226,4124017.664336549,1.439136887900887
302601.3435222926,4124017.7139038197,1.4391368012764845
302601.35008626693,4124017.76347109,1.4391367249702254
302601.35665024497,4124017.813038359,1.4391366591192252
302601.36321422626,4124017.8626056276,1.4391366025694077
302601.3697782104,4124017.9121728963,1.4391365540295764
302601.37634219695,4124017.9617401646,1.4391365113286942
302601.38290618564,4124018.011307433,1.4391364707988472
302601.38947017625,4124018.0608747,1.4391364385532275
302601.39603416855,4124018.110441968,1.4391364084786415
302601.4025981623,4124018.160009235,1.4391363807122113
302601.4091621574,4124018.209576502,1.4391363600073712
302601.4157261536,4124018.2591437693,1.4391363403194857
302601.4222901507,4124018.308711036,1.4391363229397558
302601.42885414866,4124018.3582783025,1.4391363103134613
302601.4354181473,4124018.4078455693,1.439136295241887
302601.44198214664,4124018.4574128357,1.4391362872319045
302601.44854614645,4124018.5069801025,1.4391362756225634
302601.4551101468,4124018.556547369,1.4391362721603298
302601.4616741473,4124018.6061146352,1.4391362629277071
302601.46823814826,4124018.6556819016,1.4391362571573179
302601.4748021495,4124018.705249168,1.4391362490102102
302601.4813661511,4124018.754816434,1.4391362444624614
302601.48793015303,4124018.8043837002,1.4391362386920723
302601.4944941552,4124018.8539509666,1.4391362351612758
302601.50105815753,4124018.9035182325,1.4391362352298387
302601.5076221599,4124018.953085499,1.4391362305449644
302601.51418616244,4124019.002652765,1.4391362282368088
302601.5207501651,4124019.0522200307,1.439136225997216
302601.52731416794,4124019.101787297,1.4391362224664195
302601.5338781709,4124019.151354563,1.439136224843138
302601.5404421738,4124019.2009218293,1.4391362201582638
302601.54700617684,4124019.250489095,1.4391362190041859
302601.55357017997,4124019.300056361,1.4391362213809047
302601.56013418303,4124019.3496236275,1.4391362201582638
302601.5666981861,4124019.3991908934,1.4391362178501081
302601.5732621893,4124019.4487581593,1.4391362190041859
302601.5798261924,4124019.498325425,1.4391362167645934
302601.5863901957,4124019.5478926916,1.4391362155419525
302601.592954199,4124019.5974599575,1.4391362166960302
302601.59951820225,4124019.6470272234,1.4391362155419525
302601.60608220554,4124019.6965944893,1.439136217918671
302601.6126462088,4124019.7461617556,1.4391362155419525
302601.6192102121,4124019.7957290215,1.4391362166960302
302601.6257742153,4124019.8452962874,1.4391362156105154
302601.6323382187,4124019.894863554,1.4391362156105154
