302517.61390421266,4123785.5235034777,2.6335481142853006
302517.57021934015,4123785.5478269625,2.633548114851626
302517.5265344676,4123785.5721504474,2.6335481224222423
302517.4828495951,4123785.596473932,2.633548114851626
302517.4391647225,4123785.6207974167,2.6335481142853006
302517.39547985,4123785.6451209015,2.633548114851626
302517.35179497744,4123785.6694443864,2.6335481142853006
302517.30811010493,4123785.6937678712,2.633548114851626
302517.26442523237,4123785.718091356,2.6335481224222423
302517.22074035986,4123785.7424148405,2.6335481142853006
302517.17705548735,4123785.7667383254,2.633548114851626
302517.1333706148,4123785.79106181,2.6335481044493836
302517.08968574245,4123785.8153852955,2.633548112586325
302517.0460008701,4123785.8397087804,2.6335481142853006
302517.0023159976,4123785.8640322653,2.633548114851626
302516.95863112505,4123785.88835575,2.6335481142853006
302516.91494625254,4123785.912679235,2.633548114851626
302516.87126138,4123785.93700272,2.6335481224222423
302516.82757650746,4123785.9613262042,2.6335481142853006
302516.78389163496,4123785.985649689,2.633548114851626
302516.7402067624,4123786.009973174,2.6335481142853006
302516.6965218899,4123786.034296659,2.633548114851626
302516.6528370173,4123786.0586201437,2.6335481224222423
302516.6091521448,4123786.082943628,2.633548114851626
302516.56546727224,4123786.107267113,2.6335481142853006
302516.52178239974,4123786.131590598,2.633548114851626
302516.4780975272,4123786.1559140827,2.6335481142853006
302516.43441265466,4123786.1802375675,2.633548114851626
302516.3907277821,4123786.2045610524,2.6335481224222423
302516.3470429096,4123786.228884537,2.6335481044493836
302516.30335803726,4123786.253208022,2.6335481044493836
302516.2596731649,4123786.2775315074,2.6335481229885676
302516.21598829236,4123786.301854992,2.6335481142853006
302516.17230341985,4123786.3261784767,2.6335481142853006
302516.12861854734,4123786.3505019615,2.633548114851626
302516.0849336748,4123786.3748254464,2.6335481142853006
302516.04124880227,4123786.3991489313,2.633548114851626
302515.9975639297,4123786.423472416,2.6335481224222423
302515.9538790572,4123786.4477959005,2.633548114851626
302515.91019418463,4123786.4721193854,2.6335481142853006
302515.8665093121,4123786.4964428702,2.6335481142853006
302515.8228244396,4123786.520766355,2.633548114851626
302515.77913956705,4123786.54508984,2.6335481224222423
302515.73545469454,4123786.5694133244,2.633548114851626
302515.691769822,4123786.593736809,2.6335481142853006
302515.64808494947,4123786.618060294,2.633548114851626
302515.6044000769,4123786.642383779,2.6335481142853006
302515.5607152044,4123786.666707264,2.633548112586325
302515.51703033206,4123786.6910307487,2.633548105015709
302515.4733454597,4123786.715354234,2.6335481142853006
302515.42966058716,4123786.739677719,2.6335481142853006
302515.38597571466,4123786.7640012037,2.6335481229885676
302515.3422908421,4123786.788324688,2.6335481142853006
302515.2986059696,4123786.812648173,2.6335481142853006
302515.2549210971,4123786.836971658,2.633548114851626
302515.2112362245,4123786.8612951427,2.6335481142853006
302515.167551352,4123786.8856186275,2.6335481229885676
302515.12386647944,4123786.909942112,2.6335481142853006
302515.0801816069,4123786.934265597,2.633548114851626
302515.03649673436,4123786.9585890817,2.6335481142853006
302514.99281186186,4123786.9829125665,2.633548114851626
302514.9491269893,4123787.0072360514,2.6335481142853006
302514.9054421168,4123787.0315595362,2.6335481224222423
302514.8617572443,4123787.0558830206,2.633548114851626
302514.8180723717,4123787.0802065055,2.6335481044493836
302514.7743874994,4123787.104529991,2.633548112586325
302514.73070262704,4123787.1288534757,2.6335481142853006
302514.68701775454,4123787.1531769605,2.633548114851626
302514.64333288197,4123787.1775004454,2.6335481142853006
302514.59964800946,4123787.2018239303,2.633548114851626
302514.5559631369,4123787.226147415,2.6335481142853006
302514.5122782644,4123787.2504709,2.6335481229885676
302514.4685933918,4123787.2747943844,2.6335481142853006
302514.4249085193,4123787.299117869,2.633548114851626
302514.38122364675,4123787.323441354,2.6335481142853006
302514.33753877424,4123787.347764839,2.6335481142853006
302514.29385390173,4123787.372088324,2.6335481229885676
302514.25016902917,4123787.396411808,2.6335481142853006
302514.20648415666,4123787.420735293,2.633548114851626
302514.1627992841,4123787.445058778,2.6335481142853006
302514.1191144116,4123787.469382263,2.633548114851626
302514.075429539,4123787.4937057476,2.633548112586325
302514.0317446667,4123787.5180292325,2.6335481044493836
302513.98805979436,4123787.542352718,2.6335481142853006
302513.94437492185,4123787.5666762027,2.633548114851626
302513.9006900493,4123787.5909996876,2.6335481224222423
302513.8570051768,4123787.615323172,2.6335481142853006
302513.81332030427,4123787.639646657,2.633548114851626
302513.7696354317,4123787.6639701417,2.6335481142853006
302513.7259505592,4123787.6882936265,2.633548114851626
302513.6822656866,4123787.7126171114,2.6335481142853006
302513.6385808141,4123787.7369405963,2.6335481229885676
302513.59489594155,4123787.7612640806,2.6335481142853006
302513.55121106905,4123787.7855875655,2.633548114851626
302513.5075261965,4123787.8099110504,2.6335481142853006
302513.463841324,4123787.834234535,2.633548114851626
302513.4201564514,4123787.85855802,2.6335481224222423
302513.3764715789,4123787.8828815045,2.6335481142853006
302513.3327867064,4123787.9072049893,2.633548105015709
302513.289101834,4123787.9315284747,2.633548112586325
302513.24541696167,4123787.9558519595,2.6335481142853006
302513.20173208916,4123787.9801754444,2.6335481142853006
302513.15804721665,4123788.0044989293,2.633548114851626
302513.1143623441,4123788.028822414,2.6335481142853006
302513.0706774716,4123788.053145899,2.633548114851626
302513.026992599,4123788.077469384,2.6335481224222423
302512.9833077265,4123788.101792868,2.6335481142853006
302512.939622854,4123788.126116353,2.633548114851626
302512.89593798143,4123788.150439838,2.6335481142853006
302512.8522531089,4123788.174763323,2.633548114851626
302512.80856823636,4123788.1990868077,2.6335481142853006
302512.76488336385,4123788.2234102925,2.6335481229885676
302512.7211984913,4123788.247733777,2.6335481142853006
302512.6775136188,4123788.272057262,2.633548114851626
302512.6338287462,4123788.2963807466,2.6335481142853006
302512.5901438737,4123788.3207042315,2.633548114851626
302512.54645900114,4123788.3450277164,2.633548112586325
302512.5027741288,4123788.369351201,2.6335481044493836
302512.4590892565,4123788.3936746866,2.6335481142853006
302512.41540438397,4123788.4179981714,2.6335481224222423
302512.37171951146,4123788.442321656,2.633548114851626
302512.3280346389,4123788.4666451407,2.6335481142853006
302512.2843497664,4123788.4909686255,2.633548114851626
302512.2406648938,4123788.5152921104,2.6335481142853006
302512.1969800213,4123788.5396155952,2.633548114851626
302512.15329514875,4123788.56393908,2.6335481224222423
302512.10961027624,4123788.5882625645,2.633548114851626
302512.0659254037,4123788.6125860494,2.6335481142853006
302512.02224053117,4123788.636909534,2.6335481142853006
302511.97855565866,4123788.661233019,2.633548114851626
302511.9348707861,4123788.685556504,2.6335481142853006
302511.8911859136,4123788.709879989,2.6335481229885676
302511.847501041,4123788.734203473,2.6335481142853006
302511.8038161685,4123788.758526958,2.633548114851626
302511.76013129595,4123788.782850443,2.633548112586325
302511.7164464236,4123788.807173928,2.6335481044493836
302511.6727615513,4123788.831497413,2.6335481142853006
302511.6290766788,4123788.855820898,2.633548114851626
302511.5853918062,4123788.880144383,2.6335481142853006
302511.5417069337,4123788.9044678677,2.6335481229885676
302511.49802206113,4123788.928791352,2.6335481142853006
302511.4543371886,4123788.953114837,2.6335481142853006
302511.4106523161,4123788.977438322,2.633548114851626
302511.36696744355,4123789.0017618067,2.6335481142853006
302511.32328257104,4123789.0260852915,2.633548114851626
302511.2795976985,4123789.0504087764,2.6335481224222423
302511.23591282597,4123789.074732261,2.633548114851626
302511.1922279534,4123789.0990557456,2.6335481142853006
302511.1485430809,4123789.1233792305,2.633548114851626
302511.10485820833,4123789.1477027154,2.6335481142853006
302511.0611733358,4123789.1720262,2.6335481142853006
302511.0174884633,4123789.196349685,2.63354811315265
302510.9738035909,4123789.22067317,2.6335481044493836
302510.9301187186,4123789.2449966553,2.6335481142853006
302510.8864338461,4123789.26932014,2.6335481224222423
302510.8427489736,4123789.2936436245,2.633548114851626
302510.799064101,4123789.3179671094,2.6335481142853006
302510.7553792285,4123789.3422905942,2.633548114851626
302510.71169435594,4123789.366614079,2.6335481142853006
302510.66800948343,4123789.390937564,2.6335481229885676
302510.62432461086,4123789.4152610484,2.6335481142853006
302510.58063973836,4123789.439584533,2.633548114851626
302510.5369548658,4123789.463908018,2.6335481142853006
302510.4932699933,4123789.488231503,2.6335481142853006
302510.4495851208,4123789.512554988,2.633548114851626
302510.4059002482,4123789.5368784727,2.6335481224222423
302510.3622153757,4123789.561201957,2.633548114851626
302510.31853050314,4123789.585525442,2.6335481142853006
302510.2748456306,4123789.609848927,2.63354811315265
302510.23116075824,4123789.6341724116,2.6335481044493836
302510.1874758859,4123789.658495897,2.6335481142853006
302510.1437910134,4123789.682819382,2.6335481142853006
302510.1001061409,4123789.7071428667,2.6335481142853006
302510.0564212684,4123789.7314663515,2.633548114851626
302510.0127363958,4123789.7557898364,2.6335481224222423
302509.9690515233,4123789.780113321,2.633548114851626
302509.92536665074,4123789.8044368057,2.6335481142853006
302509.88168177824,4123789.8287602905,2.633548114851626
302509.83799690567,4123789.8530837754,2.6335481142853006
302509.79431203316,4123789.8774072602,2.6335481229885676
302509.7506271606,4123789.9017307446,2.6335481142853006
302509.7069422881,4123789.9260542295,2.633548114851626
302509.6632574155,4123789.9503777144,2.6335481142853006
302509.619572543,4123789.974701199,2.633548114851626
302509.57588767045,4123789.999024684,2.6335481142853006
302509.53220279794,4123790.023348169,2.6335481224222423
302509.48851792543,4123790.0476716533,2.633548105015709
302509.44483305304,4123790.0719951387,2.633548112586325
302509.4011481807,4123790.0963186235,2.6335481142853006
302509.3574633082,4123790.1206421084,2.6335481142853006
302509.3137784357,4123790.1449655932,2.633548114851626
302509.27009356313,4123790.169289078,2.6335481142853006
302509.2264086906,4123790.193612563,2.633548114851626
302509.18272381806,4123790.217936048,2.6335481224222423
302509.13903894555,4123790.242259532,2.6335481142853006
302509.09535407304,4123790.266583017,2.633548114851626
302509.0516692005,4123790.290906502,2.6335481142853006
302509.00798432797,4123790.315229987,2.633548114851626
302508.9642994554,4123790.3395534717,2.6335481142853006
302508.9206145829,4123790.3638769565,2.6335481229885676
302508.8769297103,4123790.388200441,2.6335481142853006
302508.8332448378,4123790.412523926,2.6335481142853006
302508.7895599653,4123790.4368474106,2.633548114851626
302508.74587509275,4123790.4611708955,2.63354811315265
302508.70219022036,4123790.4854943804,2.6335481044493836
302508.658505348,4123790.5098178657,2.6335481142853006
302508.6148204755,4123790.5341413505,2.6335481142853006
302508.571135603,4123790.5584648354,2.6335481142853006
302508.5274507305,4123790.5827883203,2.6335481229885676
302508.48376585793,4123790.6071118047,2.6335481142853006
302508.4400809854,4123790.6314352895,2.633548114851626
302508.39639611286,4123790.6557587744,2.6335481142853006
302508.35271124035,4123790.6800822592,2.633548114851626
302508.3090263678,4123790.704405744,2.6335481224222423
302508.2653414953,4123790.7287292285,2.633548114851626
302508.2216566227,4123790.7530527133,2.6335481142853006
302508.1779717502,4123790.777376198,2.6335481142853006
302508.1342868777,4123790.801699683,2.633548114851626
302508.09060200513,4123790.826023168,2.6335481142853006
302508.0469171326,4123790.850346653,2.6335481229885676
302508.00323226006,4123790.874670137,2.633548105015709
302507.95954738767,4123790.8989936225,2.633548112586325
302507.91586251534,4123790.9233171074,2.6335481137189753
302507.8721776429,4123790.947640592,2.633548114851626
302507.8284927703,4123790.971964077,2.6335481142853006
302507.7848078978,4123790.996287562,2.633548114851626
302507.74112302525,4123791.020611047,2.6335481142853006
302507.69743815274,4123791.0449345317,2.633548114851626
302507.6537532802,4123791.0692580165,2.6335481224222423
302507.61006840767,4123791.093581501,2.6335481142853006
302507.56638353516,4123791.117904986,2.633548114851626
302507.5226986626,4123791.1422284706,2.6335481142853006
302507.4790137901,4123791.1665519555,2.633548114851626
302507.4353289175,4123791.1908754404,2.6335481224222423
302507.391644045,4123791.2151989248,2.6335481142853006
302507.3479591725,4123791.2395224096,2.633548114851626
302507.30427429994,4123791.2638458945,2.6335481142853006
302507.26058942743,4123791.2881693793,2.6335481137189753
302507.216904555,4123791.312492864,2.6335481044493836
302507.17321968265,4123791.3368163495,2.6335481137189753
302507.1295348102,4123791.3611398344,2.6335481142853006
302507.0858499377,4123791.3854633193,2.633548114851626
302507.0421650651,4123791.409786804,2.6335481224222423
302506.9984801926,4123791.4341102885,2.633548114851626
302506.95479532005,4123791.4584337734,2.6335481142853006
302506.91111044755,4123791.482757258,2.633548114851626
302506.867425575,4123791.507080743,2.6335481142853006
302506.8237407025,4123791.531404228,2.633548114851626
302506.7800558299,4123791.555727713,2.6335481224222423
302506.7363709574,4123791.580051197,2.633548114851626
302506.69268608483,4123791.604374682,2.6335481142853006
302506.6490012123,4123791.628698167,2.6335481142853006
302506.6053163398,4123791.653021652,2.633548114851626
302506.56163146725,4123791.6773451366,2.6335481224222423
302506.51794659474,4123791.701668621,2.633548114851626
302506.4742617222,4123791.725992106,2.633548105015709
302506.4305768498,4123791.750315591,2.633548112586325
302506.38689197745,4123791.774639076,2.6335481137189753
302506.343207105,4123791.798962561,2.633548114851626
302506.29952223244,4123791.823286046,2.6335481142853006
302506.25583735993,4123791.8476095307,2.6335481142853006
302506.2121524874,4123791.8719330155,2.633548114851626
302506.16846761486,4123791.8962565004,2.6335481224222423
302506.12478274235,4123791.920579985,2.633548114851626
302506.0810978698,4123791.9449034696,2.6335481142853006
302506.0374129973,4123791.9692269545,2.633548114851626
302505.9937281247,4123791.9935504394,2.6335481142853006
302505.9500432522,4123792.017873924,2.6335481142853006
302505.9063583797,4123792.042197409,2.6335481229885676
302505.86267350713,4123792.0665208935,2.6335481142853006
302505.8189886346,4123792.0908443783,2.633548114851626
302505.77530376206,4123792.115167863,2.6335481142853006
302505.73161888955,4123792.139491348,2.633548114851626
302505.687934017,4123792.163814833,2.63354811315265
302505.6442491446,4123792.188138318,2.633548112586325
302505.60056427226,4123792.2124618026,2.633548105582034
302505.5568793998,4123792.236785288,2.6335481229885676
302505.51319452724,4123792.2611087724,2.6335481142853006
302505.46950965474,4123792.285432257,2.633548114851626
302505.42582478217,4123792.309755742,2.6335481142853006
302505.38213990966,4123792.334079227,2.633548114851626
302505.3384550371,4123792.358402712,2.6335481142853006
302505.2947701646,4123792.3827261967,2.6335481224222423
302505.2510852921,4123792.407049681,2.633548114851626
302505.2074004195,4123792.431373166,2.6335481142853006
302505.163715547,4123792.455696651,2.633548114851626
302505.12003067444,4123792.4800201356,2.6335481142853006
302505.07634580194,4123792.5043436205,2.633548114851626
302505.03266092937,4123792.5286671054,2.6335481224222423
302504.98897605686,4123792.5529905898,2.6335481142853006
302504.94529118435,4123792.5773140746,2.6335481137189753
302504.9016063119,4123792.6016375595,2.6335481044493836
302504.8579214396,4123792.625961045,2.6335481137189753
302504.8142365671,4123792.6502845297,2.6335481142853006
302504.7705516946,4123792.6746080145,2.633548114851626
302504.72686682205,4123792.6989314994,2.6335481142853006
302504.68318194954,4123792.7232549842,2.6335481229885676
302504.639497077,4123792.7475784686,2.6335481142853006
302504.59581220447,4123792.7719019535,2.633548114851626
302504.5521273319,4123792.7962254384,2.6335481142853006
302504.5084424594,4123792.820548923,2.6335481142853006
302504.4647575869,4123792.844872408,2.633548114851626
302504.4210727143,4123792.869195893,2.6335481224222423
302504.3773878418,4123792.8935193773,2.633548114851626
302504.33370296925,4123792.917842862,2.6335481142853006
302504.29001809674,4123792.942166347,2.633548114851626
302504.2463332242,4123792.966489832,2.6335481142853006
302504.20264835167,4123792.990813317,2.6335481137189753
302504.1589634792,4123793.0151368016,2.633548112586325
302504.1152786069,4123793.0394602865,2.633548105582034
302504.07159373444,4123793.063783772,2.6335481142853006
302504.0279088619,4123793.0881072567,2.6335481229885676
302503.98422398936,4123793.112430741,2.6335481142853006
302503.94053911685,4123793.136754226,2.633548114851626
302503.8968542443,4123793.161077711,2.6335481142853006
302503.8531693718,4123793.1854011957,2.6335481142853006
302503.8094844993,4123793.2097246805,2.6335481229885676
302503.7657996267,4123793.234048165,2.6335481142853006
302503.7221147542,4123793.25837165,2.633548114851626
302503.67842988163,4123793.2826951346,2.6335481142853006
302503.6347450091,4123793.3070186195,2.633548114851626
302503.59106013656,4123793.3313421044,2.6335481142853006
302503.54737526405,4123793.355665589,2.6335481224222423
302503.50369039155,4123793.3799890736,2.633548114851626
302503.460005519,4123793.4043125585,2.6335481142853006
302503.4163206465,4123793.4286360433,2.6335481137189753
302503.372635774,4123793.452959528,2.6335481044493836
302503.3289509017,4123793.4772830135,2.6335481137189753
302503.28526602924,4123793.5016064984,2.6335481142853006
302503.24158115673,4123793.5259299832,2.633548114851626
302503.19789628417,4123793.550253468,2.6335481224222423
302503.15421141166,4123793.5745769525,2.633548114851626
302503.1105265391,4123793.5989004374,2.6335481142853006
302503.0668416666,4123793.623223922,2.6335481142853006
302503.0231567941,4123793.647547407,2.633548114851626
302502.9794719215,4123793.671870892,2.6335481142853006
302502.935787049,4123793.696194377,2.6335481229885676
302502.89210217644,4123793.720517861,2.6335481142853006
302502.84841730393,4123793.744841346,2.633548114851626
302502.80473243137,4123793.769164831,2.6335481142853006
302502.76104755886,4123793.793488316,2.633548114851626
302502.7173626863,4123793.8178118006,2.6335481142853006
302502.6736778138,4123793.8421352855,2.6335481137189753
302502.62999294134,4123793.8664587704,2.633548112586325
302502.586308069,4123793.890782255,2.633548105582034
302502.54262319655,4123793.9151057405,2.6335481224222423
302502.49893832405,4123793.939429225,2.633548114851626
302502.4552534515,4123793.96375271,2.6335481142853006
302502.411568579,4123793.9880761947,2.6335481142853006
302502.36788370647,4123794.0123996795,2.633548114851626
302502.3241988339,4123794.0367231644,2.6335481224222423
302502.2805139614,4123794.061046649,2.633548114851626
302502.2368290888,4123794.0853701336,2.6335481142853006
302502.1931442163,4123794.1096936185,2.633548114851626
302502.14945934375,4123794.1340171034,2.6335481142853006
302502.10577447125,4123794.158340588,2.6335481142853006
302502.06208959874,4123794.182664073,2.6335481229885676
302502.0184047262,4123794.2069875575,2.6335481142853006
302501.97471985366,4123794.2313110423,2.633548114851626
302501.9310349811,4123794.255634527,2.6335481142853006
302501.8873501086,4123794.279958012,2.6335481137189753
302501.84366523614,4123794.304281497,2.6335481044493836
302501.7999803638,4123794.3286049822,2.6335481137189753
302501.75629549136,4123794.352928467,2.6335481142853006
302501.71261061885,4123794.377251952,2.6335481229885676
302501.6689257463,4123794.4015754363,2.6335481142853006
302501.6252408738,4123794.425898921,2.6335481142853006
302501.58155600127,4123794.450222406,2.633548114851626
302501.5378711287,4123794.474545891,2.6335481142853006
302501.4941862562,4123794.498869376,2.633548114851626
302501.45050138363,4123794.5231928607,2.6335481224222423
302501.4068165111,4123794.547516345,2.633548114851626
302501.36313163856,4123794.57183983,2.6335481142853006
302501.31944676605,4123794.596163315,2.633548114851626
302501.2757618935,4123794.6204867996,2.6335481142853006
302501.232077021,4123794.6448102845,2.633548114851626
302501.1883921484,4123794.6691337693,2.6335481224222423
302501.1447072759,4123794.6934572537,2.633548105582034
302501.10102240345,4123794.717780739,2.633548112586325
302501.0573375311,4123794.742104224,2.6335481137189753
302501.0136526587,4123794.766427709,2.6335481142853006
302500.96996778616,4123794.7907511937,2.6335481142853006
302500.92628291366,4123794.8150746785,2.633548114851626
302500.8825980411,4123794.8393981634,2.6335481142853006
302500.8389131686,4123794.863721648,2.633548114851626
302500.795228296,4123794.888045133,2.6335481224222423
302500.7515434235,4123794.9123686175,2.633548114851626
302500.70785855094,4123794.9366921023,2.6335481142853006
302500.66417367844,4123794.961015587,2.6335481142853006
302500.62048880593,4123794.985339072,2.633548114851626
302500.57680393336,4123795.009662557,2.6335481224222423
302500.53311906086,4123795.0339860413,2.633548114851626
302500.4894341883,4123795.058309526,2.6335481142853006
302500.4457493158,4123795.082633011,2.633548114851626
302500.4020644432,4123795.106956496,2.6335481137189753
302500.35837957077,4123795.1312799808,2.6335481044493836
302500.31469469843,4123795.155603466,2.63354811315265
302500.27100982604,4123795.179926951,2.633548114851626
302500.2273249535,4123795.204250436,2.6335481142853006
302500.18364008097,4123795.2285739207,2.6335481224222423
302500.13995520846,4123795.252897405,2.633548114851626
302500.0962703359,4123795.27722089,2.6335481142853006
302500.0525854634,4123795.301544375,2.633548114851626
302500.0089005908,4123795.3258678596,2.6335481142853006
302499.9652157183,4123795.3501913445,2.633548114851626
302499.92153084575,4123795.3745148294,2.6335481224222423
302499.87784597324,4123795.3988383138,2.633548114851626
302499.8341611007,4123795.4231617986,2.6335481142853006
302499.79047622817,4123795.4474852835,2.633548114851626
302499.7467913556,4123795.4718087683,2.6335481142853006
302499.7031064831,4123795.496132253,2.6335481224222423
302499.6594216106,4123795.5204557376,2.633548114851626
302499.615736738,4123795.5447792225,2.6335481137189753
302499.5720518656,4123795.5691027073,2.6335481044493836
302499.52836699324,4123795.5934261926,2.63354811315265
302499.48468212085,4123795.6177496775,2.633548114851626
302499.4409972483,4123795.6420731624,2.6335481142853006
302499.3973123758,4123795.666396647,2.633548114851626
302499.3536275032,4123795.690720132,2.6335481142853006
302499.3099426307,4123795.715043617,2.6335481229885676
302499.26625775814,4123795.7393671013,2.6335481142853006
302499.2225728856,4123795.763690586,2.6335481142853006
302499.1788880131,4123795.788014071,2.633548114851626
302499.13520314055,4123795.812337556,2.6335481142853006
302499.09151826805,4123795.836661041,2.6335481229885676
302499.0478333955,4123795.860984525,2.6335481142853006
302499.004148523,4123795.88530801,2.633548114851626
302498.9604636504,4123795.909631495,2.6335481142853006
302498.9167787779,4123795.9339549798,2.633548114851626
302498.87309390533,4123795.9582784646,2.6335481137189753
302498.8294090329,4123795.9826019495,2.633548112586325
302498.78572416055,4123796.0069254343,2.633548105015709
302498.74203928816,4123796.0312489197,2.6335481142853006
302498.69835441565,4123796.0555724045,2.6335481229885676
302498.6546695431,4123796.079895889,2.6335481142853006
302498.6109846706,4123796.104219374,2.633548114851626
302498.567299798,4123796.1285428586,2.6335481142853006
302498.5236149255,4123796.1528663435,2.633548114851626
302498.47993005294,4123796.1771898284,2.6335481142853006
302498.43624518043,4123796.201513313,2.6335481229885676
302498.39256030787,4123796.2258367976,2.6335481142853006
302498.34887543536,4123796.2501602825,2.633548114851626
302498.3051905628,4123796.2744837673,2.6335481142853006
302498.2615056903,4123796.298807252,2.6335481142853006
302498.2178208178,4123796.323130737,2.6335481229885676
302498.1741359452,4123796.3474542215,2.6335481142853006
302498.1304510727,4123796.3717777063,2.633548114851626
302498.08676620014,4123796.396101191,2.6335481137189753
302498.0430813277,4123796.420424676,2.6335481044493836
302497.99939645536,4123796.4447481614,2.63354811315265
302497.95571158297,4123796.469071646,2.633548114851626
302497.9120267104,4123796.493395131,2.6335481142853006
302497.8683418379,4123796.517718616,2.633548114851626
302497.8246569653,4123796.542042101,2.6335481224222423
302497.7809720928,4123796.566365585,2.6335481142853006
302497.7372872203,4123796.59068907,2.633548114851626
302497.69360234775,4123796.615012555,2.6335481142853006
302497.64991747524,4123796.63933604,2.633548114851626
302497.6062326027,4123796.6636595246,2.6335481142853006
302497.56254773017,4123796.6879830095,2.6335481229885676
302497.5188628576,4123796.712306494,2.6335481142853006
302497.4751779851,4123796.7366299788,2.633548114851626
302497.4314931125,4123796.7609534636,2.6335481142853006
302497.38780824,4123796.7852769485,2.6335481142853006
302497.3441233675,4123796.8096004333,2.6335481142853006
302497.300438495,4123796.833923918,2.633548112586325
302497.25675362267,4123796.858247403,2.633548105015709
302497.2130687503,4123796.8825708884,2.6335481224222423
302497.1693838778,4123796.906894373,2.633548114851626
302497.1256990052,4123796.9312178576,2.6335481142853006
302497.0820141327,4123796.9555413425,2.633548114851626
302497.03832926013,4123796.9798648274,2.6335481142853006
302496.9946443876,4123797.004188312,2.633548114851626
302496.95095951506,4123797.028511797,2.6335481224222423
302496.90727464255,4123797.0528352815,2.633548114851626
302496.86358977,4123797.0771587663,2.6335481142853006
302496.8199048975,4123797.101482251,2.6335481142853006
302496.77622002497,4123797.125805736,2.633548114851626
302496.7325351524,4123797.150129221,2.6335481142853006
302496.6888502799,4123797.174452706,2.6335481229885676
302496.64516540733,4123797.19877619,2.6335481142853006
302496.6014805348,4123797.223099675,2.6335481142853006
302496.5577956623,4123797.24742316,2.6335481044493836
302496.51411079,4123797.271746645,2.63354811315265
302496.4704259176,4123797.29607013,2.6335481142853006
302496.4267410451,4123797.320393615,2.633548114851626
302496.3830561725,4123797.3447171,2.6335481142853006
302496.3393713,4123797.3690405847,2.6335481224222423
302496.2956864275,4123797.393364069,2.633548114851626
302496.25200155494,4123797.417687554,2.6335481142853006
302496.20831668243,4123797.442011039,2.633548114851626
302496.16463180986,4123797.4663345236,2.6335481142853006
302496.12094693736,4123797.4906580085,2.633548114851626
302496.0772620648,4123797.5149814934,2.6335481224222423
302496.0335771923,4123797.5393049777,2.633548114851626
302495.9898923197,4123797.5636284626,2.6335481142853006
302495.9462074472,4123797.5879519475,2.633548114851626
302495.90252257464,4123797.6122754323,2.6335481142853006
302495.85883770214,4123797.636598917,2.6335481142853006
302495.81515282963,4123797.660922402,2.6335481224222423
302495.7714679571,4123797.6852458864,2.6335481044493836
302495.7277830848,4123797.709569372,2.63354811315265
302495.6840982124,4123797.7338928566,2.6335481142853006
302495.6404133399,4123797.7582163415,2.633548114851626
302495.5967284673,4123797.7825398264,2.6335481142853006
302495.5530435948,4123797.806863311,2.633548114851626
302495.50935872225,4123797.831186796,2.6335481142853006
302495.46567384974,4123797.855510281,2.6335481229885676
302495.4219889772,4123797.8798337653,2.6335481142853006
302495.37830410467,4123797.90415725,2.6335481142853006
302495.33461923216,4123797.928480735,2.633548114851626
302495.2909343596,4123797.95280422,2.6335481142853006
302495.2472494871,4123797.977127705,2.633548114851626
302495.2035646145,4123798.0014511896,2.6335481224222423
302495.159879742,4123798.025774674,2.633548114851626
302495.11619486945,4123798.050098159,2.6335481142853006
302495.07250999694,4123798.0744216437,2.6335481142853006
302495.02882512443,4123798.0987451286,2.6335481044493836
302494.9851402521,4123798.123068614,2.63354811315265
302494.9414553797,4123798.147392099,2.6335481142853006
302494.8977705072,4123798.1717155837,2.6335481142853006
302494.8540856347,4123798.1960390685,2.6335481229885676
302494.81040076213,4123798.220362553,2.6335481142853006
302494.7667158896,4123798.244686038,2.633548114851626
302494.72303101706,4123798.2690095226,2.6335481142853006
302494.67934614455,4123798.2933330075,2.633548114851626
302494.635661272,4123798.3176564923,2.6335481142853006
302494.5919763995,4123798.341979977,2.6335481229885676
302494.5482915269,4123798.3663034616,2.6335481142853006
302494.5046066544,4123798.3906269465,2.633548114851626
302494.46092178184,4123798.4149504313,2.6335481142853006
302494.4172369093,4123798.439273916,2.6335481142853006
302494.3735520368,4123798.463597401,2.633548114851626
302494.32986716426,4123798.487920886,2.6335481224222423
302494.28618229175,4123798.5122443703,2.6335481044493836
302494.2424974194,4123798.5365678556,2.6335481044493836
302494.1988125471,4123798.560891341,2.6335481229885676
302494.1551276745,4123798.5852148253,2.6335481142853006
302494.111442802,4123798.60953831,2.633548114851626
302494.06775792944,4123798.633861795,2.6335481142853006
302494.02407305693,4123798.65818528,2.633548114851626
302493.98038818437,4123798.682508765,2.6335481224222423
302493.93670331186,4123798.706832249,2.6335481142853006
302493.89301843935,4123798.731155734,2.633548114851626
302493.8493335668,4123798.755479219,2.6335481142853006
302493.8056486943,4123798.7798027038,2.633548114851626
302493.7619638217,4123798.8041261886,2.6335481142853006
302493.7182789492,4123798.8284496735,2.6335481229885676
302493.67459407664,4123798.852773158,2.6335481142853006
302493.63090920413,4123798.8770966427,2.633548114851626
302493.58722433157,4123798.9014201276,2.6335481142853006
302493.54353945906,4123798.9257436125,2.6335481142853006
302493.49985458655,4123798.9500670973,2.633548112586325
302493.4561697142,4123798.974390582,2.6335481044493836
302493.4124848419,4123798.9987140675,2.633548114851626
302493.3687999693,4123799.0230375524,2.6335481142853006
302493.3251150968,4123799.047361037,2.6335481229885676
302493.28143022425,4123799.0716845216,2.6335481142853006
302493.23774535174,4123799.0960080065,2.633548114851626
302493.1940604792,4123799.1203314913,2.6335481142853006
302493.15037560667,4123799.144654976,2.633548114851626
302493.1066907341,4123799.168978461,2.6335481224222423
302493.0630058616,4123799.1933019455,2.633548114851626
302493.019320989,4123799.2176254303,2.6335481142853006
302492.9756361165,4123799.241948915,2.6335481142853006
302492.931951244,4123799.2662724,2.633548114851626
302492.88826637145,4123799.290595885,2.6335481142853006
302492.84458149894,4123799.3149193698,2.6335481229885676
302492.8008966264,4123799.339242854,2.6335481142853006
302492.75721175387,4123799.363566339,2.6335481142853006
302492.71352688136,4123799.387889824,2.6335481044493836
302492.669842009,4123799.412213309,2.63354811315265
302492.62615713663,4123799.436536794,2.6335481142853006
302492.5824722641,4123799.460860279,2.633548114851626
302492.53878739156,4123799.485183764,2.6335481142853006
302492.49510251905,4123799.5095072486,2.6335481142853006
302492.45141764655,4123799.5338307335,2.6335481229885676
302492.407732774,4123799.558154218,2.6335481142853006
302492.3640479015,4123799.5824777028,2.633548114851626
302492.3203630289,4123799.6068011876,2.6335481142853006
302492.2766781564,4123799.6311246725,2.633548114851626
302492.23299328383,4123799.6554481573,2.6335481224222423
302492.1893084113,4123799.6797716417,2.633548114851626
302492.14562353876,4123799.7040951266,2.6335481142853006
302492.10193866625,4123799.7284186115,2.6335481142853006
302492.05825379374,4123799.7527420963,2.633548114851626
302492.0145689212,4123799.777065581,2.6335481142853006
302491.9708840487,4123799.801389066,2.633548112586325
302491.92719917634,4123799.825712551,2.6335481044493836
302491.883514304,4123799.850036036,2.633548114851626
302491.83982943144,4123799.874359521,2.6335481224222423
302491.79614455893,4123799.8986830055,2.633548114851626
302491.75245968637,4123799.9230064903,2.6335481142853006
302491.70877481386,4123799.947329975,2.633548114851626
302491.6650899413,4123799.97165346,2.6335481142853006
302491.6214050688,4123799.995976945,2.6335481229885676
302491.5777201962,4123800.0203004293,2.6335481142853006
302491.5340353237,4123800.044623914,2.6335481142853006
302491.4903504512,4123800.068947399,2.633548114851626
302491.44666557864,4123800.093270884,2.6335481142853006
302491.40298070613,4123800.1175943688,2.633548114851626
302491.35929583356,4123800.1419178536,2.6335481224222423
302491.31561096106,4123800.166241338,2.6335481142853006
302491.27192608855,4123800.190564823,2.633548114851626
302491.228241216,4123800.2148883077,2.6335481044493836
302491.18455634365,4123800.239211793,2.633548112586325
302491.1408714713,4123800.263535278,2.633548114851626
302491.09718659875,4123800.287858763,2.6335481142853006
302491.05350172624,4123800.3121822476,2.6335481142853006
302491.00981685374,4123800.3365057325,2.633548114851626
302490.9661319812,4123800.3608292174,2.6335481224222423
302490.92244710866,4123800.3851527018,2.633548114851626
302490.8787622361,4123800.4094761866,2.6335481142853006
302490.8350773636,4123800.4337996715,2.633548114851626
302490.791392491,4123800.4581231563,2.6335481142853006
302490.7477076185,4123800.482446641,2.633548114851626
302490.70402274595,4123800.506770126,2.6335481224222423
302490.66033787344,4123800.5310936105,2.6335481142853006
302490.61665300094,4123800.5554170953,2.633548114851626
302490.57296812837,4123800.57974058,2.6335481142853006
302490.52928325586,4123800.604064065,2.633548114851626
302490.4855983833,4123800.62838755,2.633548112586325
302490.44191351096,4123800.6527110348,2.6335481044493836
302490.39822863863,4123800.67703452,2.6335481142853006
302490.3545437661,4123800.701358005,2.6335481229885676
302490.31085889356,4123800.7256814893,2.6335481142853006
302490.26717402105,4123800.750004974,2.633548114851626
302490.2234891485,4123800.774328459,2.6335481142853006
302490.179804276,4123800.798651944,2.633548114851626
302490.1361194034,4123800.822975429,2.6335481142853006
302490.0924345309,4123800.8472989136,2.6335481224222423
302490.0487496584,4123800.871622398,2.633548114851626
302490.00506478583,4123800.895945883,2.6335481142853006
302489.9613799133,4123800.9202693678,2.633548114851626
302489.91769504076,4123800.9445928526,2.6335481142853006
302489.87401016825,4123800.9689163375,2.6335481142853006
302489.83032529574,4123800.9932398223,2.6335481229885676
302489.7866404232,4123801.0175633067,2.6335481142853006
302489.74295555067,4123801.0418867916,2.633548114851626
302489.6992706781,4123801.0662102764,2.6335481044493836
302489.65558580577,4123801.090533762,2.633548112586325
302489.61190093344,4123801.1148572466,2.6335481142853006
302489.5682160609,4123801.1391807315,2.633548114851626
302489.52453118836,4123801.1635042164,2.6335481142853006
302489.48084631586,4123801.187827701,2.6335481229885676
302489.4371614433,4123801.2121511856,2.6335481142853006
302489.3934765708,4123801.2364746705,2.633548114851626
302489.3497916982,4123801.2607981553,2.6335481142853006
302489.3061068257,4123801.28512164,2.633548114851626
302489.26242195314,4123801.309445125,2.6335481142853006
302489.21873708064,4123801.33376861,2.6335481224222423
302489.1750522081,4123801.3580920943,2.633548114851626
302489.13136733556,4123801.382415579,2.6335481142853006
302489.08768246305,4123801.406739064,2.633548114851626
302489.0439975905,4123801.431062549,2.6335481142853006
302489.000312718,4123801.4553860337,2.6335481229885676
302488.9566278454,4123801.479709518,2.6335481142853006
302488.9129429729,4123801.504033003,2.6335481044493836
302488.8692581006,4123801.5283564883,2.633548112586325
302488.82557322824,4123801.552679973,2.633548114851626
302488.7818883557,4123801.577003458,2.6335481142853006
302488.73820348317,4123801.601326943,2.633548114851626
302488.6945186106,4123801.625650428,2.6335481142853006
302488.6508337381,4123801.6499739126,2.6335481142853006
302488.6071488656,4123801.6742973975,2.6335481229885676
302488.563463993,4123801.698620882,2.6335481142853006
302488.5197791205,4123801.7229443667,2.633548114851626
302488.47609424795,4123801.7472678516,2.6335481142853006
302488.43240937544,4123801.7715913365,2.6335481142853006
302488.38872450293,4123801.7959148213,2.633548114851626
302488.34503963037,4123801.820238306,2.6335481224222423
302488.30135475786,4123801.8445617906,2.633548114851626
302488.2576698853,4123801.8688852754,2.6335481142853006
302488.2139850128,4123801.8932087603,2.633548114851626
302488.1703001402,4123801.917532245,2.633548112586325
302488.1266152679,4123801.94185573,2.6335481044493836
302488.08293039555,4123801.9661792153,2.6335481142853006
302488.03924552305,4123801.9905027,2.633548114851626
302487.9955606505,4123802.014826185,2.6335481224222423
302487.951875778,4123802.0391496695,2.633548114851626
302487.9081909054,4123802.0634731543,2.6335481142853006
302487.8645060329,4123802.087796639,2.6335481142853006
302487.8208211604,4123802.112120124,2.633548114851626
302487.7771362878,4123802.136443609,2.6335481142853006
302487.7334514153,4123802.1607670938,2.6335481229885676
302487.68976654275,4123802.185090578,2.6335481142853006
302487.64608167025,4123802.209414063,2.633548114851626
302487.6023967977,4123802.233737548,2.6335481142853006
302487.5587119252,4123802.2580610327,2.633548114851626
302487.5150270526,4123802.2823845176,2.6335481142853006
302487.4713421801,4123802.3067080025,2.6335481224222423
302487.4276573076,4123802.331031487,2.633548105015709
302487.3839724352,4123802.355354972,2.633548112586325
302487.34028756287,4123802.379678457,2.6335481142853006
302487.29660269036,4123802.404001942,2.633548114851626
302487.2529178178,4123802.4283254268,2.6335481142853006
302487.2092329453,4123802.4526489116,2.6335481142853006
302487.1655480728,4123802.4769723965,2.633548114851626
302487.1218632002,4123802.5012958813,2.6335481224222423
302487.0781783277,4123802.5256193657,2.633548114851626
302487.03449345514,4123802.5499428506,2.6335481142853006
302486.99080858263,4123802.5742663355,2.6335481142853006
302486.9471237101,4123802.5985898203,2.633548114851626
302486.90343883756,4123802.622913305,2.6335481142853006
302486.85975396505,4123802.64723679,2.6335481229885676
302486.8160690925,4123802.6715602744,2.6335481142853006
302486.77238422,4123802.6958837593,2.633548114851626
302486.7286993474,4123802.720207244,2.6335481142853006
302486.6850144749,4123802.744530729,2.633548114851626
302486.64132960234,4123802.768854214,2.633548112586325
302486.59764473,4123802.7931776987,2.6335481044493836
302486.5539598577,4123802.817501184,2.6335481142853006
302486.51027498516,4123802.841824669,2.633548114851626
302486.4665901126,4123802.866148154,2.6335481224222423
302486.4229052401,4123802.890471638,2.6335481142853006
302486.3792203676,4123802.914795123,2.633548114851626
302486.335535495,4123802.939118608,2.6335481142853006
302486.2918506225,4123802.9634420928,2.633548114851626
302486.24816574994,4123802.9877655776,2.6335481224222423
302486.20448087744,4123803.012089062,2.633548114851626
302486.1607960049,4123803.036412547,2.6335481142853006
302486.11711113236,4123803.0607360317,2.633548114851626
302486.0734262598,4123803.0850595166,2.6335481142853006
302486.0297413873,4123803.1093830015,2.6335481142853006
302485.9860565148,4123803.1337064863,2.6335481229885676
302485.9423716422,4123803.1580299707,2.6335481142853006
302485.8986867697,4123803.1823534556,2.633548105015709
302485.8550018973,4123803.206676941,2.633548112586325
302485.811317025,4123803.2310004258,2.6335481142853006
302485.7676321525,4123803.2553239106,2.6335481142853006
302485.72394727997,4123803.2796473955,2.633548114851626
302485.6802624074,4123803.3039708803,2.6335481142853006
302485.6365775349,4123803.328294365,2.6335481229885676
302485.59289266233,4123803.3526178496,2.6335481142853006
302485.5492077898,4123803.3769413345,2.6335481142853006
302485.5055229173,4123803.4012648193,2.633548114851626
302485.46183804475,4123803.425588304,2.6335481142853006
302485.41815317224,4123803.449911789,2.633548114851626
302485.3744682997,4123803.474235274,2.6335481224222423
302485.33078342717,4123803.4985587583,2.633548114851626
302485.2870985546,4123803.522882243,2.6335481142853006
302485.2434136821,4123803.547205728,2.633548114851626
302485.19972880953,4123803.571529213,2.6335481142853006
302485.156043937,4123803.5958526977,2.63354811315265
302485.11235906463,4123803.6201761826,2.6335481044493836
302485.0686741923,4123803.644499668,2.6335481142853006
302485.0249893198,4123803.668823153,2.6335481142853006
302484.9813044473,4123803.6931466376,2.6335481224222423
302484.9376195748,4123803.717470122,2.633548114851626
302484.8939347022,4123803.741793607,2.6335481142853006
302484.8502498297,4123803.7661170918,2.633548114851626
302484.80656495714,4123803.7904405766,2.6335481142853006
302484.7628800846,4123803.8147640615,2.6335481229885676
302484.71919521206,4123803.839087546,2.6335481142853006
302484.67551033956,4123803.8634110307,2.633548114851626
302484.631825467,4123803.8877345156,2.6335481142853006
302484.5881405945,4123803.9120580005,2.6335481142853006
302484.544455722,4123803.9363814853,2.633548114851626
302484.5007708494,4123803.96070497,2.6335481224222423
302484.4570859769,4123803.9850284546,2.633548114851626
302484.41340110434,4123804.0093519394,2.633548105015709
302484.36971623194,4123804.0336754248,2.633548112586325
302484.3260313596,4123804.0579989096,2.6335481137189753
302484.28234648716,4123804.0823223945,2.633548114851626
302484.2386616146,4123804.1066458793,2.6335481142853006
302484.1949767421,4123804.130969364,2.633548114851626
302484.1512918695,4123804.155292849,2.6335481142853006
302484.107606997,4123804.179616334,2.6335481229885676
302484.06392212445,4123804.2039398183,2.6335481142853006
302484.02023725194,4123804.228263303,2.6335481142853006
302483.97655237943,4123804.252586788,2.633548114851626
302483.93286750687,4123804.276910273,2.6335481142853006
302483.88918263436,4123804.3012337578,2.6335481229885676
302483.8454977618,4123804.325557242,2.6335481142853006
302483.8018128893,4123804.349880727,2.633548114851626
302483.7581280167,4123804.374204212,2.6335481142853006
302483.7144431442,4123804.3985276967,2.633548114851626
302483.67075827165,4123804.4228511816,2.6335481142853006
302483.62707339914,4123804.4471746664,2.63354811315265
302483.58338852675,4123804.4714981513,2.6335481044493836
302483.5397036544,4123804.4958216366,2.6335481137189753
302483.49601878197,4123804.5201451215,2.6335481229885676
302483.4523339094,4123804.544468606,2.6335481142853006
302483.4086490369,4123804.5687920908,2.633548114851626
302483.3649641643,4123804.5931155756,2.6335481142853006
302483.3212792918,4123804.6174390605,2.633548114851626
302483.27759441925,4123804.6417625453,2.6335481142853006
302483.23390954675,4123804.66608603,2.6335481229885676
302483.1902246742,4123804.6904095146,2.6335481142853006
302483.1465398017,4123804.7147329994,2.6335481142853006
302483.10285492917,4123804.7390564843,2.633548114851626
302483.0591700566,4123804.763379969,2.6335481142853006
302483.0154851841,4123804.787703454,2.6335481229885676
302482.9718003115,4123804.8120269384,2.6335481142853006
302482.928115439,4123804.8363504233,2.633548114851626
302482.88443056645,4123804.860673908,2.6335481142853006
302482.84074569395,4123804.884997393,2.63354811315265
302482.79706082155,4123804.909320878,2.6335481044493836
302482.7533759492,4123804.933644363,2.6335481142853006
302482.7096910767,4123804.957967848,2.6335481142853006
302482.6660062042,4123804.982291333,2.6335481142853006
302482.6223213317,4123805.006614818,2.6335481229885676
302482.57863645913,4123805.030938302,2.6335481142853006
302482.5349515866,4123805.055261787,2.633548114851626
302482.49126671406,4123805.079585272,2.6335481142853006
302482.44758184155,4123805.1039087567,2.633548114851626
302482.403896969,4123805.1282322416,2.6335481142853006
302482.3602120965,4123805.1525557265,2.6335481229885676
302482.3165272239,4123805.176879211,2.6335481142853006
302482.2728423514,4123805.2012026957,2.633548114851626
302482.22915747884,4123805.2255261806,2.6335481142853006
302482.18547260633,4123805.2498496654,2.6335481142853006
302482.1417877338,4123805.2741731503,2.6335481229885676
302482.09810286126,4123805.2984966347,2.633548105015709
302482.05441798887,4123805.32282012,2.633548112586325
302482.01073311653,4123805.347143605,2.6335481137189753
302481.9670482441,4123805.3714670897,2.633548114851626
302481.9233633715,4123805.3957905746,2.6335481142853006
302481.879678499,4123805.4201140595,2.633548114851626
302481.83599362645,4123805.4444375443,2.6335481142853006
302481.79230875394,4123805.468761029,2.633548114851626
302481.7486238814,4123805.493084514,2.6335481224222423
302481.70493900887,4123805.5174079984,2.6335481142853006
302481.66125413636,4123805.5417314833,2.633548114851626
302481.6175692638,4123805.566054968,2.6335481142853006
302481.5738843913,4123805.590378453,2.633548114851626
302481.5301995187,4123805.614701938,2.6335481142853006
302481.4865146462,4123805.6390254227,2.6335481229885676
302481.44282977364,4123805.663348907,2.6335481142853006
302481.39914490114,4123805.687672392,2.633548114851626
302481.3554600286,4123805.711995877,2.63354811315265
302481.3117751562,4123805.7363193617,2.6335481044493836
302481.26809028385,4123805.760642847,2.6335481137189753
302481.2244054114,4123805.784966332,2.633548114851626
302481.18072053883,4123805.8092898168,2.6335481142853006
302481.1370356663,4123805.8336133016,2.6335481224222423
302481.0933507938,4123805.857936786,2.633548114851626
302481.04966592125,4123805.882260271,2.6335481142853006
302481.00598104874,4123805.9065837557,2.633548114851626
302480.9622961762,4123805.9309072406,2.6335481142853006
302480.91861130367,4123805.9552307255,2.633548114851626
302480.8749264311,4123805.9795542103,2.6335481224222423
302480.8312415586,4123806.0038776947,2.633548114851626
302480.78755668603,4123806.0282011796,2.6335481142853006
302480.7438718135,4123806.0525246644,2.6335481142853006
302480.700186941,4123806.0768481493,2.633548114851626
302480.65650206845,4123806.101171634,2.6335481142853006
302480.61281719594,4123806.125495119,2.6335481229885676
302480.5691323234,4123806.1498186034,2.633548105015709
302480.525447451,4123806.1741420887,2.633548112586325
302480.48176257865,4123806.1984655736,2.6335481137189753
302480.4380777062,4123806.2227890585,2.633548114851626
302480.39439283364,4123806.2471125433,2.6335481142853006
302480.35070796113,4123806.271436028,2.633548114851626
302480.30702308856,4123806.295759513,2.6335481142853006
302480.26333821606,4123806.320082998,2.6335481224222423
302480.21965334355,4123806.3444064823,2.633548114851626
302480.175968471,4123806.368729967,2.6335481142853006
302480.1322835985,4123806.393053452,2.633548114851626
302480.0885987259,4123806.417376937,2.6335481142853006
302480.0449138534,4123806.4417004217,2.633548114851626
302480.00122898084,4123806.4660239066,2.6335481224222423
302479.9575441083,4123806.490347391,2.633548114851626
302479.91385923576,4123806.514670876,2.6335481142853006
302479.87017436326,4123806.5389943607,2.633548114851626
302479.8264894907,4123806.5633178456,2.63354811315265
302479.7828046183,4123806.5876413304,2.6335481044493836
302479.73911974597,4123806.6119648158,2.6335481137189753
302479.6954348735,4123806.6362883006,2.6335481142853006
302479.651750001,4123806.6606117855,2.6335481229885676
302479.60806512844,4123806.68493527,2.6335481142853006
302479.56438025594,4123806.7092587547,2.633548114851626
302479.52069538337,4123806.7335822396,2.6335481142853006
302479.47701051086,4123806.7579057245,2.633548114851626
302479.4333256383,4123806.7822292093,2.6335481142853006
302479.3896407658,4123806.806552694,2.6335481229885676
302479.3459558932,4123806.8308761786,2.6335481142853006
302479.3022710207,4123806.8551996634,2.6335481142853006
302479.2585861482,4123806.8795231483,2.633548114851626
302479.21490127564,4123806.903846633,2.6335481142853006
302479.17121640313,4123806.928170118,2.633548114851626
302479.12753153057,4123806.952493603,2.6335481224222423
302479.08384665806,4123806.9768170873,2.633548114851626
302479.0401617855,4123807.001140572,2.63354811315265
302478.9964769131,4123807.025464057,2.6335481044493836
302478.95279204077,4123807.0497875423,2.6335481137189753
302478.9091071683,4123807.074111027,2.633548114851626
302478.86542229576,4123807.098434512,2.6335481142853006
302478.82173742325,4123807.122757997,2.6335481142853006
302478.77805255074,4123807.1470814818,2.6335481229885676
302478.7343676782,4123807.171404966,2.6335481142853006
302478.69068280567,4123807.195728451,2.633548114851626
302478.6469979331,4123807.220051936,2.6335481142853006
302478.6033130606,4123807.2443754207,2.633548114851626
302478.559628188,4123807.2686989056,2.6335481142853006
302478.5159433155,4123807.2930223905,2.6335481229885676
302478.47225844295,4123807.317345875,2.6335481142853006
302478.42857357045,4123807.3416693597,2.633548114851626
302478.3848886979,4123807.3659928446,2.6335481142853006
302478.3412038254,4123807.3903163294,2.6335481142853006
302478.29751895287,4123807.4146398143,2.6335481137189753
302478.2538340804,4123807.438963299,2.6335481044493836
302478.2101492081,4123807.4632867845,2.6335481137189753
302478.16646433563,4123807.4876102693,2.6335481142853006
302478.1227794631,4123807.511933754,2.6335481229885676
302478.07909459056,4123807.5362572386,2.6335481142853006
302478.03540971805,4123807.5605807235,2.633548114851626
302477.9917248455,4123807.5849042083,2.6335481142853006
302477.948039973,4123807.609227693,2.633548114851626
302477.9043551004,4123807.633551178,2.6335481224222423
302477.8606702279,4123807.6578746624,2.6335481142853006
302477.8169853554,4123807.6821981473,2.633548114851626
302477.77330048283,4123807.706521632,2.6335481142853006
302477.7296156103,4123807.730845117,2.633548114851626
302477.68593073776,4123807.755168602,2.6335481142853006
302477.64224586525,4123807.7794920867,2.6335481229885676
302477.5985609927,4123807.803815571,2.6335481142853006
302477.5548761202,4123807.828139056,2.6335481137189753
302477.51119124773,4123807.852462541,2.6335481044493836
302477.4675063754,4123807.876786026,2.6335481137189753
302477.42382150295,4123807.901109511,2.6335481142853006
302477.38013663044,4123807.925432996,2.6335481142853006
302477.33645175793,4123807.9497564808,2.633548114851626
302477.29276688537,4123807.9740799656,2.6335481142853006
302477.24908201286,4123807.9984034505,2.6335481229885676
302477.2053971403,4123808.022726935,2.6335481142853006
302477.1617122678,4123808.0470504197,2.633548114851626
302477.1180273952,4123808.0713739046,2.6335481142853006
302477.0743425227,4123808.0956973894,2.633548114851626
302477.03065765015,4123808.1200208743,2.63354811315265
302476.98697277775,4123808.144344359,2.633548112586325
302476.9432879054,4123808.168667844,2.6335481033167327
302476.8996030332,4123808.1929913294,2.633548094613466
302476.85591816105,4123808.217314815,2.633548092348165
302476.8122332891,4123808.241638301,2.6335480819459223
302476.7685484174,4123808.265961787,2.6335480825122475
302476.7248635457,4123808.2902852735,2.633548080813272
302476.6811786741,4123808.3146087597,2.633548072110005
302476.6374938026,4123808.3389322464,2.6335480709773544
302476.5938089312,4123808.363255733,2.633548060575112
302476.55012406,4123808.3875792203,2.6335480507391944
302476.506439189,4123808.411902708,2.6335480397706266
302476.4627543183,4123808.436226196,2.6335480189661413
302476.4190694481,4123808.460549685,2.6335480062985974
302476.3753845783,4123808.4848731747,2.6335479767908456
302476.33169970906,4123808.5091966656,2.633547962990651
302476.2880148404,4123808.533520157,2.633547932916574
302476.2443299723,4123808.5578436498,2.6335479034088225
302476.20064510475,4123808.582167144,2.633547877507408
302476.1569602382,4123808.606490639,2.6335478156602785
302476.11327537295,4123808.630814137,2.6335477532468237
302476.0695905091,4123808.6551376376,2.6335477076735745
302476.0259056466,4123808.67946114,2.6335476441274683
302475.98222078563,4123808.7037846455,2.6335475817140135
302475.93853592605,4123808.7281081537,2.6335475077656656
302475.8948510682,4123808.752431665,2.6335474304193616
302475.85116621247,4123808.7767551797,2.63354731542837
302475.80748135934,4123808.8010786995,2.6335472085743175
302475.76379650884,4123808.825402224,2.6335470896190434
302475.72011166136,4123808.8497257535,2.6335469220505168
302475.6764268177,4123808.8740492905,2.6335467592209674
302475.6327419783,4123808.8983728345,2.6335465576140824
302475.58905714366,4123808.9226963874,2.633546343905975
302475.5453723143,4123808.9470199496,2.63354609955747
302475.5016874908,4123808.9713435224,2.6335458119010164
302475.4580026743,4123808.995667108,2.633545471667028
302475.414317866,4123809.019990708,2.6335450973946752
302475.37063306686,4123809.044314325,2.6335446705447865
302475.3269482782,4123809.06863796,2.6335441708792118
302475.28326350154,4123809.0929616173,2.633543604835887
302475.23957873875,4123809.117285299,2.633542963711556
302475.1958939917,4123809.141609009,2.6335422300997244
302475.1522092623,4123809.165932751,2.6335413989034175
302475.1085245531,4123809.190256529,2.6335404400485776
302475.06483986723,4123809.214580349,2.6335393518362027
302475.0211552079,4123809.238904217,2.6335381151608144
302474.9774705786,4123809.2632281384,2.6335367086516066
302474.93378598354,4123809.2875521216,2.6335351092387578
302474.8901014274,4123809.3118761745,2.633533274746975
302474.84641691594,4123809.3362003076,2.6335311669653665
302474.80273245554,4123809.360524533,2.6335287976369295
302474.759048053,4123809.3848488615,2.6335260816367083
302474.71536371636,4123809.409173309,2.6335229781301255
302474.6716794553,4123809.4334978918,2.6335194396368027
302474.6279952803,4123809.4578226293,2.6335154217160786
302474.584311203,4123809.4821475423,2.6335108470214776
302474.54062723706,4123809.506472655,2.6335056154952827
302474.4969433982,4123809.5307979966,2.633499675900371
302474.453259704,4123809.5551235974,2.63349290624189
302474.4095761745,4123809.579449494,2.6334851695919452
302474.36589283304,4123809.6037757285,2.6334763840728415
302474.3222097054,4123809.628102347,2.6334663543081107
302474.2785268217,4123809.6524294033,2.633454935440193
302474.2348442159,4123809.6767569585,2.6334419211243003
302474.1911619266,4123809.7010850823,2.633427112792379
302474.14747999766,4123809.725413853,2.6334102371551973
302474.1037984793,4123809.7497433606,2.633391006556425
302474.0601174288,4123809.7740737083,2.633369088898615
302474.0164369115,4123809.7984050135,2.6333441225772294
302473.9727570016,4123809.8227374093,2.6333156866119296
302473.9290777839,4123809.847071047,2.633283290969121
302473.8853993543,4123809.8714060998,2.6332464027150873
302473.8417218224,4123809.8957427638,2.6332043731551336
302473.79804531357,4123809.9200812634,2.6331565044183014
302473.75436996965,4123809.944421854,2.6331019874474104
302473.71069595293,4123809.9687648253,2.6330398788903366
302473.6670234482,4123809.993110509,2.632969143678119
302473.62335266557,4123810.017459282,2.632888592042795
302473.5796838445,4123810.041811573,2.6327968411137856
302473.536017258,4123810.06616787,2.6326923521879912
302473.4923532167,4123810.09052873,2.632573363017547
302473.44869207434,4123810.114894785,2.6324378630347436
302473.40503423417,4123810.139266756,2.632283571225162
302473.36138015485,4123810.1636454626,2.6321078884677656
302473.317730359,4123810.1880318383,2.631907856484769
302473.27408544236,4123810.2124269446,2.6316801175807223
302473.2304460825,4123810.23683199,2.6314208928457044
302473.1868130508,4123810.261248347,2.631125815027344
302473.1431872257,4123810.285677578,2.6307899893439024
302473.09956960706,4123810.310121458,2.630407870014489
302473.0559613326,4123810.3345820033,2.6299730932862437
302473.0123636971,4123810.359061506,2.629478539125186
302472.9687781737,4123810.383562567,2.6289161396642062
302472.9252064372,4123810.4080881365,2.628276730733205
302472.88165039185,4123810.4326415607,2.62755004643402
302472.83811220154,4123810.4572266294,2.6267244541217636
302472.794594324,4123810.481847634,2.6257869697387908
302472.75109954854,4123810.5065094247,2.624723004434735
302472.70763103856,4123810.5312174773,2.623516271395979
302472.6641923782,4123810.5559779657,2.62214866592067
302472.62078762316,4123810.5807978367,2.620600169435797
302472.57742135687,4123810.605684888,2.618848743420744
302472.5340987484,4123810.630647852,2.6168703856024647
302472.49082561495,4123810.655696472,2.614639135877473
302472.4476084847,4123810.6808415796,2.6121272754393843
302472.4044546584,4123810.706095159,2.6093057846325234
302472.3613722647,4123810.731470391,2.606144849051762
302472.318370305,4123810.7569816713,2.602614879434803
302472.2754586777,4123810.7826445815,2.5986879119961754
302472.23264817003,4123810.808475799,2.5943395389164405
302472.1899504023,4123810.8344929204,2.5895517668049632
302472.1473776981,4123810.8607141636,2.5843167053610077
302472.10494285426,4123810.8871579124,2.578641591884068
302472.06265876663,4123810.913842055,2.5725553873110445
302472.02053786,4123810.9407830555,2.5661174711450623
302471.978591251,4123810.9679946783,2.559428658885806
302471.93682756147,4123810.9954862837,2.5526458362516835
302471.8952512609,4123811.0232605576,2.5457621666766617
302471.8538671249,4123811.051320374,2.5393709800833553
302471.8126632012,4123811.079644087,2.5334040190009417
302471.77162904735,4123811.1082131346,2.52782707538247
302471.730754879,4123811.137010568,2.522633318589383
302471.6900308394,4123811.166019894,2.5177989891141173
302471.64944751957,4123811.1952257515,2.5132903596711658
302471.6089962891,4123811.2246142873,2.5090681573583358
302471.5686694988,4123811.254173357,2.5050905585874372
302471.5284605953,4123811.283892601,2.501315061310968
302471.48836417607,4123811.313763446,2.497699748330657
302471.4483760035,4123811.343779063,2.494204113802165
302471.4084929903,4123811.373934286,2.490789793112739
302471.3687131605,4123811.4042255133,2.4874211212025066
302471.3290355873,4123811.4346505813,2.484065956271843
302471.28946030635,4123811.465208612,2.480696625420279
302471.2499881951,4123811.4958998226,2.477253864077946
302471.21062196395,4123811.5267267567,2.4735539596756433
302471.17137006164,4123811.5576991285,2.4700391289310235
302471.13222728326,4123811.5888092574,2.4664946627097724
302471.0931950357,4123811.6200579177,2.4629646398103375
302471.05427335214,4123811.6514441576,2.4595265413532643
302471.0154598131,4123811.6829640237,2.4562342630425054
302470.9767502563,4123811.7146115038,2.4531179707099695
302470.9381395057,4123811.746379464,2.4501909221859433
302470.8996219002,4123811.778260309,2.4474544616196696
302470.86119167175,4123811.8102464424,2.4449017687893053
302470.82284321106,4123811.842330579,2.4425205219622033
302470.78457125183,4123811.8745059483,2.4402947572938154
302470.74637099484,4123811.906766428,2.438206310392393
302470.708238189,4123811.9391066222,2.4362357358953197
302470.6701691802,4123811.971521902,2.4342543115371713
302470.6321644728,4123812.00401255,2.4324292600033615
302470.5942191297,4123812.0365725015,2.430694797827299
302470.5563303214,4123812.0691982154,2.428992335537653
302470.5184971149,4123812.1018883837,2.427302853159406
302470.48071919434,4123812.1346424217,2.425608060916211
302470.442996841,4123812.167460437,2.423890688794871
302470.40533090563,4123812.2003431856,2.422134751950971
302470.3677227697,4123812.2332920213,2.4203260486916585
302470.3301742905,4123812.2663088245,2.418452808067283
302470.2926877255,4123812.299395907,2.41650660493933
302470.25526562415,4123812.332555885,2.414483601691679
302470.2179106792,4123812.3657915024,2.4123861897711487
302470.1806255196,4123812.3991054003,2.4102252982889882
302470.14341242687,4123812.4324997966,2.4078311007535436
302470.1062793932,4123812.465983193,2.405635131024428
302470.0692199856,4123812.499548044,2.4034836990416455
302470.0322328822,4123812.533192543,2.4013788648711705
302469.9953166809,4123812.566914815,2.399320172867747
302469.95846998424,4123812.6007130123,2.3973007296894626
302469.92169161706,4123812.6345855496,2.39530912523021
302469.8849807837,4123812.6685312674,2.3933306025699257
302469.8483371834,4123812.702549553,2.3913481065842808
302469.8117610947,4123812.736640419,2.3893428564589634
302469.77525343734,4123812.770804563,2.3872948853715745
302469.73881581926,4123812.8050434063,2.385183374245391
302469.70245057164,4123812.8393591177,2.3828905812821306
302469.66616409295,4123812.873758122,2.3804368536594915
302469.6299621337,4123812.9082460552,2.37797192302342
302469.59384530503,4123812.942823109,2.3753529948953376
302469.55781916605,4123812.977494621,2.3725630505352515
302469.52188991004,4123813.012266498,2.369588868321633
302469.4860642416,4123813.0471450705,2.3664230244527844
302469.45034918195,4123813.0821368773,2.3630666643416864
302469.4147517748,4123813.117248353,2.3595332316697246
302469.37927865435,4123813.1524853897,2.3558536953252394
302469.343935423,4123813.187852719,2.352083490696
302469.30872577,4123813.2233530623,2.348302295757317
302469.2736505817,4123813.258986307,2.344522402934945
302469.2387103122,4123813.294751899,2.3405278663603237
302469.2039131903,4123813.330656773,2.336913754250267
302469.1692460806,4123813.366687151,2.3333458033782817
302469.1347077617,4123813.402840974,2.3298029943499605
302469.10029775684,4123813.43911692,2.3262583742096137
302469.0660165609,4123813.475514599,2.3226804062369912
302469.03186581994,4123813.5120346956,2.319033989937858
302468.99784847774,4123813.548679072,2.3152811378305054
302468.963968898,4123813.5854508495,2.311381639558432
302468.9302329666,4123813.622354461,2.307293569787215
302468.89664817695,4123813.659395683,2.302973886706901
302468.8632236958,4123813.696581647,2.2983792525399576
302468.8299704032,4123813.7339208126,2.293467105863718
302468.79690089374,4123813.7714229096,2.2877538099987134
302468.7640461818,4123813.809113331,2.282009700688623
302468.7314085499,4123813.846991803,2.275869070028042
302468.6990041779,4123813.8850699184,2.2693089603880905
302468.66685034847,4123813.923359729,2.2623535602353084
302468.6349636651,4123813.9618721944,2.2550669956833875
302468.6033584906,4123814.0006159293,2.2475719626275086
302468.5720446111,4123814.039595425,2.2400756098244967
302468.5410238103,4123814.0788085666,2.23277224272306
302468.5102902007,4123814.118247244,2.2257855865271723
302468.4798328516,4123814.157899724,2.2191876083959428
302468.44963775453,4123814.1977523426,2.213012756511638
302468.41968928097,4123814.237790697,2.207268766365384
302468.38997124904,4123814.2780004553,2.201944676403773
302468.360467691,4123814.3183679013,2.1970168605978984
302468.33116339135,4123814.3588802754,2.192453382312679
302468.30204425525,4123814.3995259823,2.1882061080004074
302468.2730980009,4123814.4402950187,2.184060107599091
302468.2443210236,4123814.481183715,2.1803814659545533
302468.21569466667,4123814.522177979,2.1768986355030306
302468.18721126637,4123814.563271684,2.173570797118616
302468.15886478155,4123814.604459943,2.1703580579517294
302468.1306507738,4123814.645739053,2.1672217086518613
302468.1025663733,4123814.6871064445,2.1641246110410046
302468.07461022865,4123814.728560614,2.1610315127933024
302468.0467824422,4123814.770101052,2.157909570914167
302468.01908448024,4123814.8117281604,2.154729125976572
302467.99151905376,4123814.8534431458,2.151464668725865
302467.9640899529,4123814.8952478915,2.148096474327846
302467.93680181564,4123814.937144784,2.144612666802657
302467.9096598049,4123814.9791364875,2.141012215481409
302467.88266915723,4123815.0212256447,2.137309014218158
302467.85583455494,4123815.063414471,2.133537360262416
302467.82915925706,4123815.1057042205,2.1297593930124648
302467.8026439078,4123815.148094463,2.126070240225742
302467.77628511086,4123815.1905822554,2.122435574535972
302467.7500809096,4123815.2331655836,2.1189347265249583
302467.72402595053,4123815.2758403807,2.1157621696069486
302467.6981065186,4123815.3185976106,2.112761068699139
302467.67231552734,4123815.3614324257,2.1099160956800294
302467.6466465071,4123815.404340437,2.107207130360845
302467.6210938186,4123815.447317825,2.1046110828908713
302467.5956527881,4123815.490361403,2.1021030759319905
302467.57031979086,4123815.5334686525,2.099657409012819
302467.54509229487,4123815.5766377295,2.0972481506595795
302467.5199688766,4123815.619867462,2.094849729952645
302467.4949492125,4123815.663157329,2.0924374473741096
302467.47003404726,4123815.706507426,2.0899880470689602
302467.4452251362,4123815.7499184245,2.0874806064173863
302467.42052515084,4123815.793391498,2.084897564778636
302467.3959375364,4123815.8369282344,2.082226374225517
302467.3714662992,4123815.880530503,2.079362937735474
302467.34712001093,4123815.9242026713,2.076407879492875
302467.32290288626,4123815.9679465867,2.073492157021375
302467.29881341616,4123816.011760914,2.070571856495184
302467.2748520049,4123816.0556453937,2.0676742345107146
302467.2510178588,4123816.0995991123,2.0648099607200474
302467.22730970854,4123816.143620913,2.0619774075906374
302467.20372634905,4123816.187709688,2.0591658279370577
302467.1802670431,4123816.231864593,2.0563576944408233
302467.15693182324,4123816.276085199,2.053530436572614
302467.1337217202,4123816.3203716013,2.050657720409612
302467.11063893576,4123816.3647244954,2.0477104024764965
302467.0876869738,4123816.4091452286,2.0446573330378808
302467.06487073813,4123816.4536358286,2.0414659989489974
302467.04219660244,4123816.498199017,2.0381031648796077
302467.01967245137,4123816.542838206,2.0345356627422166
302466.9973076901,4123816.587557473,2.030731279357578
302466.9751132129,4123816.632361514,2.02665999601558
302466.9531013178,4123816.677255566,2.0220393986671295
302466.93129709194,4123816.722250852,2.0172602829631905
302466.9097081651,4123816.7673498006,2.0122046039641295
302466.88834753726,4123816.8125572805,2.00683216859472
302466.8672301114,4123816.857878822,2.001174488808426
302466.8463694576,4123816.903319068,1.9952947797016647
302466.8257763569,4123816.948881141,1.9892998173118945
302466.80545677966,4123816.994565822,1.9833557706216653
302466.7854091126,4123817.040370474,1.9776013709434712
302466.76562534674,4123817.0862897467,1.9721167590902786
302466.74609371397,4123817.132316864,1.9669414430499157
302466.7268005312,4123817.178444484,1.962087219001962
302466.7077314728,4123817.2246652516,1.957547358207413
302466.6888724305,4123817.270972152,1.9533030708168788
302466.67021008284,4123817.3173587136,1.9493280020477892
302466.65173225856,4123817.3638191265,1.9452729872247343
302466.63344298326,4123817.4103540853,1.9417625198116681
302466.6153171899,4123817.456952935,1.938419725042975
302466.5973472744,4123817.5036120983,1.9352046621094592
302466.5795274681,4123817.550328783,1.9320853770492246
302466.5618534731,4123817.59710082,1.9290321041138252
302466.54432236915,4123817.643926599,1.926017883231167
302466.52693248785,4123817.690805008,1.923019436312358
302466.50968324585,4123817.737735352,1.9200181881234537
302466.49257492815,4123817.7847172613,1.9170016858085945
302466.475608405,4123817.8317505755,1.9139653701043895
302466.4587847616,4123817.878835206,1.9109150156547574
302466.442104813,4123817.925970958,1.9075726766659329
302466.42558250023,4123817.973162199,1.9045806454944267
302466.40920146625,4123818.0204026424,1.9016981728124243
302466.39295667486,4123818.0676900917,1.89890994000397
302466.3768437977,4123818.115022643,1.8962124301769299
302466.36085866037,4123818.1623984827,1.8935954531228647
302466.3449975589,4123818.2098159934,1.8910441799118576
302466.32925748284,4123818.2572738193,1.888540555968356
302466.31363627035,4123818.30477091,1.8860643991793598
302466.298132713,4123818.352306545,1.8835942270253556
302466.28274662036,4123818.399880342,1.8811078568418382
302466.267478856,4123818.447492264,1.8783280385868522
302466.2523435022,4123818.4951464464,1.8756855259581082
302466.23733413295,4123818.542840441,1.8729911253611875
302466.22245333,4123818.5905746873,1.870192417572315
302466.20770618407,4123818.6383503783,1.8672773876518056
302466.19309837226,4123818.686168841,1.864240318197561
302466.1786358583,4123818.7340314393,1.8610845153923834
302466.1643244621,4123818.781939436,1.857825976839756
302466.1501692503,4123818.8298938177,1.8544983772667791
302466.13617368555,4123818.87789505,1.8511489994833819
302466.12233896693,4123818.9259429118,1.8478025619388534
302466.108665107,4123818.974036828,1.8441969686943804
302466.09516474063,4123819.0221797414,1.840785254856129
302466.0818287084,4123819.070368412,1.837438211676314
302466.06865404674,4123819.1186014246,1.834049457828082
302466.0556429155,4123819.1668787864,1.8305901465645273
302466.04279887234,4123819.215200853,1.827027632799978
302466.03012706176,4123819.263568357,1.8233261634129307
302466.017634371,4123819.311982424,1.8194474337808602
302466.0053295601,4123819.3604445774,1.8153511486581881
302465.9932233663,4123819.4089567293,1.8109956344526916
302465.9813285794,4123819.4575211606,1.806338627551304
302465.96966007905,4123819.5061404863,1.801338430615645
302465.958234818,4123819.554817599,1.7955888916349754
302465.9470896105,4123819.603559617,1.7895654585430094
302465.9362382096,4123819.6523678293,1.7832508371053168
302465.9256952468,4123819.7012435053,1.7764930682570503
302465.91548283154,4123819.7501892215,1.76931747418436
302465.90562190826,4123819.79920687,1.761789654374621
302465.8961302711,4123819.8482972872,1.7540340099958653
302465.88701965107,4123819.8974597994,1.7462594580362416
302465.8782915175,4123819.946691665,1.7386671291102724
302465.86993740895,4123819.9959884216,1.7313863050746021
302465.86194242927,4123820.04534476,1.7244932079721125
302465.8542878439,4123820.0947551066,1.7180253199454127
302465.8469529868,4123820.1442139973,1.711992321705182
302465.8399166378,4123820.1937163016,1.706384354548265
302465.83315799787,4123820.2432573414,1.7011782091172203
302465.8266573602,4123820.292832942,1.6961526449363384
302465.820405947,4123820.3424406014,1.6915704878422901
302465.81438191136,4123820.392076363,1.6873903964227106
302465.80856541253,4123820.441736848,1.6834503973550508
302465.8029446223,4123820.49141985,1.6797094369301937
302465.79750973405,4123820.5411235224,1.6761275684293013
302465.7922529128,4123820.5908463383,1.6726666439152003
302465.78716820996,4123820.6405870467,1.6692910217456078
302465.7822514417,4123820.690344635,1.6659682976546581
302465.777500031,4123820.740118285,1.6626702156515152
302465.77291280334,4123820.7899073362,1.659373809753549
302465.7684897249,4123820.839711242,1.6560629179316906
302465.76423156523,4123820.889529525,1.6527301458014216
302465.7601394611,4123820.9393617325,1.6493794413105087
302465.7562143514,4123820.989207387,1.6460294692741415
302465.75245624344,4123821.039065931,1.6427002318396635
302465.74886414537,4123821.088936732,1.6391774960780217
302465.74544775096,4123821.1388198766,1.635973003221482
302465.74219122546,4123821.1887136903,1.632803816545225
302465.73909284,4123821.2386175557,1.6296479036112088
302465.7361519628,4123821.288530937,1.626478711318497
302465.7333692858,4123821.3384533757,1.6232664665846408
302465.7307469865,4123821.3883844865,1.6199791139273243
302465.7282888426,4123821.438323941,1.6165829793814301
302465.72600031376,4123821.488271453,1.613043307594796
302465.72388859664,4123821.538226754,1.6093247464118388
302465.72196265514,4123821.588189572,1.6053918985831535
302465.7202332234,4123821.638159601,1.6012099530808028
302465.71871277684,4123821.6881364672,1.5963296005306173
302465.71743625187,4123821.7381201694,1.5913782046046598
302465.7164072317,4123821.788109528,1.586168198007419
302465.71563867026,4123821.8381035,1.5805992527496786
302465.7151485337,4123821.8881009053,1.5746729240604078
302465.7149547053,4123821.938100269,1.5684107162859597
302465.715073985,4123821.9880998125,1.5618619127764746
302465.7155206967,4123822.0380974775,1.555113924505399
302465.71630477963,4123822.088091007,1.5483057660264066
302465.7174292072,4123822.1380781084,1.5416096707817941
302465.7188883283,4123822.1880566594,1.5351324990850428
302465.72067114024,4123822.2380248243,1.528512649441257
302465.72278469417,4123822.287980133,1.5224450127552185
302465.7252013149,4123822.3379216343,1.5169273832766994
302465.7278934526,4123822.387848976,1.5116907065167788
302465.73084700364,4123822.4377615023,1.5067067226363708
302465.7340492795,4123822.4876586776,1.501941886681315
302465.7374892703,4123822.5375400335,1.4973594602945317
302465.741157803,4123822.587405118,1.4929211315152455
302465.7450476182,4123822.637253452,1.488588384387965
302465.74915337894,4123822.687084494,1.4843236812983176
302465.7534716194,4123822.736897609,1.4800917425073168
302465.75800063054,4123822.786692047,1.4755991710855216
302465.76275330223,4123822.836465656,1.4711664748170228
302465.7677265549,4123822.8862176794,1.466873369028745
302465.77291334746,4123822.9359478527,1.4625458526476287
302465.7783152954,4123822.985655082,1.4582120097369937
302465.783932613,4123823.035338413,1.4539318172817821
302465.7897625318,4123823.0849972386,1.4497524991820798
302465.7957999397,4123823.13463127,1.445699009732208
302465.8020384901,4123823.184240434,1.4417794130229455
302465.808471442,4123823.23382478,1.437989110123448
302465.81509228953,4123823.2833844065,1.434314100859228
302465.8218952268,4123823.3329193867,1.4307335633706515
302465.8288754848,4123823.382429712,1.4272218342612926
302465.83602956956,4123823.4319152418,1.4236373390026773
302465.8433609907,4123823.481374824,1.4200176185029314
302465.8508713917,4123823.530807534,1.4165235207886369
302465.85855446587,4123823.580213679,1.4129669136791092
302465.86641320615,4123823.629592166,1.409319122099071
302465.8744520132,4123823.6789416387,1.4055550289137653
302465.8826765158,4123823.728260485,1.4016551970981312
302465.8910932878,4123823.777546866,1.397608646537041
302465.8997094277,4123823.82679877,1.3934166989568355
302465.9085319508,4123823.876014113,1.3890981553114805
302465.917566929,4123823.9251908935,1.3846962945056311
302465.92681828956,4123823.9743274334,1.3802883697058554
302465.9362861533,4123824.0234227353,1.3759695170063686
302465.9459659685,4123824.072476715,1.3717946853383238
302465.9558504965,4123824.1214898834,1.3677902143610334
302465.96593122237,4123824.170463105,1.3639330547382185
302465.9762007755,4123824.2193971043,1.3600368056548156
302465.9866609086,4123824.2682907167,1.3565463294879196
302465.9972916349,4123824.3171474985,1.3531748341372987
302466.0080870173,4123824.365968145,1.3498927146833704
302466.01904257387,4123824.4147530855,1.346667946251374
302466.0301553914,4123824.4635024345,1.3434669802858177
302466.0414241953,4123824.512215956,1.3402553768979932
302466.052849388,4123824.56089303,1.3369983677336366
302466.0644330604,4123824.609532629,1.3336613148197063
302466.0761789804,4123824.6581333,1.33021025487296
302466.0880925539,4123824.7066931454,1.3266125554456016
302466.10018075444,4123824.7552098185,1.3228378087608617
302466.1124520091,4123824.803680526,1.3188589866059088
302466.12491602724,4123824.8521020436,1.3146540977376668
302466.13758355024,4123824.900470756,1.3099408178065666
302466.15047891083,4123824.9487792403,1.305069009275205
302466.1636094587,4123824.997024297,1.3001031197051032
302466.1769794094,4123825.0452035037,1.2949565621238905
302466.19059712574,4123825.0933132167,1.289708491529451
302466.2044671259,4123825.141350764,1.2844855404534943
302466.2185878284,4123825.1893151966,1.2793808424189055
302466.2329531901,4123825.237206924,1.2744459671753894
302466.24755472026,4123825.285027192,1.269703010562238
302466.2623829022,4123825.332777692,1.2651534270047209
302466.277428184,4123825.380460265,1.2607843889072259
302466.292681659,4123825.4280766826,1.2565733276497721
302466.30813552503,4123825.4756284794,1.2524911840581507
302466.3237833872,4123825.523116832,1.248200884420786
302466.3396348464,4123825.570537621,1.244208391257949
302466.3556754962,4123825.617894717,1.2402994359537478
302466.37190112984,4123825.66518872,1.2363665561085118
302466.3883126311,4123825.712418521,1.232376112150269
302466.4049124622,4123825.759582437,1.2282980885274508
302466.42170448496,4123825.806678252,1.224108171159877
302466.4386936833,4123825.853703285,1.2197907060454336
302466.4558857496,4123825.9006545246,1.2153429084346323
302466.473286476,4123825.9475288363,1.2107808076451418
302466.4909008705,4123825.994323289,1.2061477486425891
302466.50873188593,4123826.0410356554,1.2015261994967208
302466.52677860664,4123826.08766515,1.19704601810208
302466.5450340678,4123826.134213359,1.1927036516002274
302466.56349149434,4123826.1806818796,1.1885657839964063
302466.5821410394,4123826.2270736196,1.1849531255745214
302466.60095805227,4123826.2733976636,1.181655186297458
302466.61992773274,4123826.3196593896,1.1786701977564193
302466.6390354183,4123826.365864283,1.1759898563797806
302466.6582668811,4123826.412017798,1.1736016182999962
302466.67760851665,4123826.4581252574,1.1714904845263914
302466.6970474503,4123826.5041917865,1.1696403256519903
302466.7165715835,4123826.5502222776,1.1680347513529503
302466.73616959923,4123826.5962213674,1.1666577697040785
302466.755830938,4123826.6421934315,1.165494179644323
302466.77554575755,4123826.68814259,1.164529753134909
302466.79530488374,4123826.734072717,1.163751288837935
302466.8150997595,4123826.7799874493,1.163146545256983
302466.8349223989,4123826.825890204,1.162703923980162
302466.854765354,4123826.8717841804,1.162412134792775
302466.87462169986,4123826.9176723654,1.1622595634489474
302466.8944850467,4123826.9635575204,1.1622351659640768
302466.9143495131,4123827.009442191,1.162331432785771
302466.9342095621,4123827.0553287733,1.1625166738552888
302466.9540611107,4123827.101219034,1.1627629637497885
302466.97390135645,4123827.1471141824,1.163033321431348
302466.9937291931,4123827.1930146925,1.1633012801185005
302467.0135447298,4123827.2389205145,1.1635482476815617
302467.03334892855,4123827.2848312287,1.163761251356701
302467.0531433478,4123827.3307461604,1.1639311367825824
302467.07292996644,4123827.376664454,1.1640513806835477
302467.0927110636,4123827.422585127,1.164117095494369
302467.11248914304,4123827.4685070994,1.1641243689302505
302467.13226688845,4123827.514429216,1.164069739453148
302467.1520471426,4123827.560350252,1.1639498043293608
302467.17183290405,4123827.606268915,1.1637609479250923
302467.1916273372,4123827.6521838405,1.163499109058651
302467.2114337919,4123827.6980935815,1.163159601001945
302467.23125583207,4123827.743996595,1.162736993134557
302467.2510972695,4123827.7898912276,1.16222497458156
302467.2709622031,4123827.835775695,1.161616298991528
302467.290855062,4123827.8816480627,1.1608725400843896
302467.3107820335,4123827.9275056226,1.160017495124377
302467.3307482077,4123827.9733461267,1.1590494516677183
302467.3507587477,4123828.0191672803,1.1579435974929575
302467.37081994605,4123828.064966275,1.1566877975971046
302467.39093864185,4123828.110740038,1.1552694905835403
302467.41112223704,4123828.156485217,1.1536762528147553
302467.43137868785,4123828.202198177,1.1518965817006719
302467.45171645825,4123828.2478750097,1.1499211406308043
302467.47214441805,4123828.293511571,1.1477445171478642
302467.4926716602,4123828.339103554,1.1453678585913298
302467.5133071977,4123828.384646615,1.1428026732152263
302467.53405949095,4123828.4301365865,1.1400761784184967
302467.5549357331,4123828.4755698037,1.1372390487052555
302467.5759407905,4123828.5209436086,1.1343761979637401
302467.5970756616,4123828.5662570964,1.1315835536807552
302467.61833699746,4123828.6115113916,1.1289220778008553
302467.63971870457,4123828.6567089474,1.1264278912137407
302467.6612130793,4123828.701853039,1.1241196618605724
302467.6828116028,4123828.7469474035,1.1220039494961649
302467.70450548694,4123828.7919959757,1.1200791937166246
302467.72628604044,4123828.8370027132,1.1183384961548917
302467.74814490555,4123828.8819714724,1.1167716784687631
302467.7700742031,4123828.9269059305,1.1153666984996993
302467.7920666116,4123828.9718095353,1.114110717315791
302467.8141154015,4123829.016685484,1.112986171853093
302467.83621464303,4123829.0615366106,1.1119677271558084
302467.8583595513,4123829.1063652067,1.111088477630414
302467.8805438662,4123829.151174314,1.110307765082169
302467.9027631573,4123829.1959660877,1.1096152434028619
302467.92501346243,4123829.2407424636,1.10900135620059
302467.94729125075,4123829.2855051714,1.1084574396548557
302467.96959338314,4123829.3302557557,1.1079756372339902
302467.99191707396,4123829.3749955897,1.1075488650919627
302468.0142598565,4123829.4197258926,1.1071707371141917
302468.03661955136,4123829.464447744,1.1068355378113928
302468.05899423565,4123829.509162098,1.10653814107273
302468.0813822168,4123829.553869796,1.1062739705915
302468.1037820077,4123829.598571578,1.1060389123923657
302468.12619230564,4123829.643268094,1.105829301261356
302468.14861197193,4123829.6879599113,1.1056418416604654
302468.17104001576,4123829.732647525,1.1054735701923988
302468.1934755789,4123829.7773313643,1.1053218337556292
302468.2159179219,4123829.8220117986,1.1051842166686012
302468.23836641357,4123829.866689144,1.1050585208453618
302468.26082052087,4123829.911363668,1.104942747087178
302468.2832798002,4123829.9560355917,1.104835037786878
302468.3057438909,4123830.000705096,1.104733670760138
302468.3282125096,4123830.045372323,1.1046370132656933
302468.3506854454,4123830.090037378,1.104543533693775
302468.3731625566,4123830.1347003323,1.1044517117436432
302468.39564376866,4123830.1793612223,1.1043600678306167
302468.41812907346,4123830.224020052,1.104267142130672
302468.4406185282,4123830.268676792,1.104171423721732
302468.4631122572,4123830.3133313786,1.1040714049527394
302468.48561045254,4123830.357983716,1.1039654624261357
302468.50811337837,4123830.4026336693,1.1038518863838862
302468.530621375,4123830.4472810663,1.103728869285494
302468.5531348641,4123830.4919256945,1.1035944336648398
302468.57565435464,4123830.5365672954,1.1034464429067037
302468.5981804515,4123830.581205563,1.10328253956576
302468.6207138644,4123830.625840138,1.1031001131774771
302468.6432554195,4123830.670470602,1.1028962793921282
302468.66580607137,4123830.71509647,1.1026678268903418
302468.6883669175,4123830.759717185,1.102403708889835
302468.7109395481,4123830.80433194,1.102112807116928
302468.7335251561,4123830.8489401266,1.1017849566766618
302468.7561253876,4123830.893540906,1.1014150103902214
302468.7787421176,4123830.9381333212,1.100997348071964
302468.80137746985,4123830.982716286,1.1005257479006167
302468.8240338451,4123831.0272885715,1.0999932761901934
302468.8467139503,4123831.071848786,1.099392323704387
302468.86942082987,4123831.1163953627,1.0987145660723663
302468.8921578956,4123831.1609265385,1.097950997823325
302468.91492895706,4123831.2054403396,1.0970919689510017
302468.9377382483,4123831.2499345625,1.096127343380241
302468.9605904486,4123831.294406761,1.0950467818501468
302468.9834906897,4123831.338854239,1.0938401317660693
302469.00644454575,4123831.38327405,1.0924980497093348
302469.02945799497,4123831.427663013,1.0910130306642671
302469.05253733584,4123831.4720177487,1.0893808502404725
302469.0756890396,4123831.5163347535,1.0876026972240256
302469.0989195073,4123831.5606105174,1.0856883171216563
302469.1222346915,4123831.6048417254,1.0836604399678367
302469.1456395217,4123831.6490255594,1.0815611959335054
302469.1691370522,4123831.6931601623,1.0794611164929353
302469.1927272175,4123831.737245322,1.0774280271130137
302469.2164069643,4123831.7812824324,1.0755036346544604
302469.2401714131,4123831.8252738942,1.073711456765702
302469.2640146661,4123831.8692226987,1.0720624106685153
302469.2879303616,4123831.9131321274,1.0705589734317114
302469.31191204634,4123831.957005553,1.0691980665474201
302469.3359534179,4123832.0008463035,1.0679730706920119
302469.3600484772,4123832.0446575726,1.0668753409259424
302469.3841916155,4123832.0884423666,1.065895206014275
302469.40837765805,4123832.1322034774,1.0650225892131546
302469.43260187877,4123832.1759434678,1.0642475228886867
302469.45685999386,4123832.21966467,1.0635604326812376
302469.481148144,4123832.263369195,1.0629522903910738
302469.5054628685,4123832.307058942,1.06241472417028
302469.5298010758,4123832.350735612,1.0619400433195394
302469.5541600129,4123832.3944007247,1.061521263488053
302469.57853723416,4123832.4380556326,1.0611520615843297
302469.6029305715,4123832.481701538,1.0608267584365267
302469.6273381056,4123832.5253395056,1.0605402917648834
302469.6517581395,4123832.5689704795,1.0602881320665067
302469.67618917476,4123832.6125952946,1.0600662354157888
302469.7006298897,4123832.6562146875,1.0598710220811935
302469.72507911915,4123832.6998293083,1.059699335946797
302469.74953583645,4123832.743439731,1.0595483568047501
302469.77399913763,4123832.787046461,1.059415621560397
302469.79846822674,4123832.830649943,1.0592989340025507
302469.8229424037,4123832.87425057,1.0591963794835042
302469.84742105217,4123832.9178486867,1.0591062417314947
302469.87190363026,4123832.9614445968,1.0590270261630992
302469.89638966153,4123833.005038567,1.0589574238642447
302469.9208787273,4123833.048630833,1.0588962467046146
302469.9453704597,4123833.092221601,1.0588424972706534
302469.9698645351,4123833.1358110523,1.058795274558684
302469.9943606689,4123833.179399347,1.0587537937374876
302470.01885861077,4123833.2229866255,1.0587173384669846
302470.0433581416,4123833.266573011,1.0586853050322536
302470.0678590685,4123833.3101586113,1.0586571678409389
302470.0923612219,4123833.3537435224,1.0586324581300015
302470.1168644523,4123833.397327828,1.0586107451820432
302470.14136862895,4123833.4409116018,1.0585916723445568
302470.165873637,4123833.4844949082,1.058574912906711
302470.19037937524,4123833.5280778036,1.058560194429331
302470.2148857551,4123833.5716603384,1.0585472637611126
302470.2393926986,4123833.6152425567,1.0585358992033602
302470.2639001372,4123833.658824496,1.0585259186230873
302470.28840801085,4123833.702406191,1.0585171535905156
302470.31291626656,4123833.745987671,1.0585094579967458
302470.33742485766,4123833.7895689625,1.058502698415542
302470.3619337433,4123833.8331500883,1.0584967541034633
302470.38644288795,4123833.8767310684,1.0584915352644777
302470.41095225996,4123833.9203119203,1.0584869581889416
302470.4354618317,4123833.9638926606,1.0584829254731964
302470.45997157897,4123834.0074733016,1.0584793873972862
302470.4844814805,4123834.051053856,1.0584762830830599
302470.5089915174,4123834.0946343346,1.0584735536816194
302470.5335016732,4123834.138214746,1.0584711641869875
302470.55801193306,4123834.181795099,1.0584690552422156
302470.5825222848,4123834.2253754,1.0584672090910305
302470.6070327171,4123834.268955656,1.0584655881915
302470.6315432201,4123834.312535872,1.058464164133809
302470.6560537851,4123834.3561160536,1.058462917132291
302470.6805644044,4123834.3996962043,1.0584618121811025
302470.7050750719,4123834.443276328,1.058460848773499
302470.7295857813,4123834.486856428,1.0584600035718785
302470.75409652764,4123834.5304365074,1.0584592456302802
302470.778607307,4123834.5740165683,1.0584586023438636
302470.80311811436,4123834.6175966132,1.0584580280532716
302470.8276289468,4123834.6611766443,1.0584575242810665
302470.8521398011,4123834.7047566627,1.05845708341663
302470.8766506746,4123834.7483366705,1.0584566882115465
302470.9011615653,4123834.7919166684,1.0584563569289158
302470.9256724706,4123834.8354966585,1.0584560565933665
302470.9501833889,4123834.879076641,1.0584557897410583
302470.97469431884,4123834.922656617,1.058455560430694
302470.9992052588,4123834.9662365876,1.0584553509059773
302471.0237162079,4123835.009816553,1.0584551682696328
302471.04822716484,4123835.0533965137,1.058455024696729
302471.0727381282,4123835.096976471,1.0584548826463522
302471.0972490976,4123835.140556425,1.0584547598737717
302471.1217600725,4123835.184136376,1.0584546523213134
302471.14627105196,4123835.227716324,1.058454558466453
302471.1707820355,4123835.2712962697,1.0584544793238662
302471.19529302255,4123835.3148762137,1.0584544138788783
302471.21980401257,4123835.358456156,1.0584543469123868
302471.2443150054,4123835.402036097,1.0584542799458947
302471.268826001,4123835.4456160357,1.0584542302278563
302471.2933369989,4123835.4891959736,1.0584541906565632
302471.3178479986,4123835.5327759106,1.0584541561586422
302471.3423589997,4123835.5763558466,1.0584541236900702
302471.3668700022,4123835.6199357817,1.0584540957870283
302471.391381006,4123835.6635157163,1.0584540729573586
302471.41589201085,4123835.7070956505,1.0584540486061815
302471.4404030166,4123835.7506755837,1.0584540237471631
302471.46491402347,4123835.7942555165,1.0584540059908654
302471.4894250311,4123835.837835449,1.058453996858796
302471.5139360393,4123835.881415381,1.0584539851905443
302471.5384470479,4123835.924995313,1.0584539704782696
302471.56295805704,4123835.9685752443,1.0584539664195722
302471.58746906644,4123836.0121551757,1.0584539527219718
302471.61198007636,4123836.0557351066,1.058453944604577
302471.63649108674,4123836.0993150375,1.0584539415605543
302471.6610020973,4123836.1428949684,1.0584539329363254
302471.6855131081,4123836.186474899,1.0584539268482793
302471.71002411924,4123836.2300548293,1.0584539238042565
302471.73453513056,4123836.2736347597,1.0584539182240504
302471.75904614193,4123836.3172146897,1.0584539207602335
302471.7835571534,4123836.36079462,1.0584539121360046
302471.80806816515,4123836.40437455,1.0584539121360046
302471.8325791769,4123836.44795448,1.058453913150679
302471.85709018854,4123836.49153441,1.058453910106656
302471.8816012004,4123836.53511434,1.0584539111213302
302471.90611221216,4123836.57869427,1.0584539111213302
302471.93062322395,4123836.6222742,1.0584539080773072
302471.9551342359,4123836.66585413,1.0584539090919816
302471.9796452478,4123836.70943406,1.058453910106656
302472.00415625965,4123836.75301399,1.0584539070626329
302472.02866727166,4123836.79659392,1.0584539080773072
302472.0531782836,4123836.84017385,1.0584539080773072
302472.0776892956,4123836.88375378,1.0584539060479585
302472.10220030765,4123836.92733371,1.0584539060479585
302472.1267113197,4123836.9709136398,1.0584539080773072
302472.1512223317,4123837.0144935697,1.0584539014824268
302472.17573334376,4123837.0580734992,1.0584539070626329
302472.2002443558,4123837.101653429,1.0584539080773072
302472.22475536773,4123837.145233359,1.0584539050332844
302472.24926637986,4123837.188813289,1.0584539070626329
302472.2737773919,4123837.232393219,1.0584539024971011
302472.2982884039,4123837.2759731486,1.0584539060479585
302472.32279941597,4123837.3195530786,1.0584539060479585
302472.34731042804,4123837.3631330086,1.0584539080773072
302472.37182144,4123837.4067129386,1.0584539060479585
302472.3963324521,4123837.4502928685,1.0584539024971011
302472.4208434641,4123837.493872798,1.0584539070626329
302472.4453544761,4123837.537452728,1.0584539060479585
302472.4698654882,4123837.581032658,1.0584539060479585
302472.49437650025,4123837.624612588,1.0584539080773072
302472.5188875122,4123837.668192518,1.0584539014824268
302472.5433985243,4123837.7117724475,1.0584539060479585
302472.56790953636,4123837.7553523774,1.0584539070626329
302472.5924205484,4123837.7989323074,1.0584539080773072
302472.61693156033,4123837.8425122374,1.0584539080773072
302472.6414425723,4123837.8860921673,1.0584539060479585
302472.66595358436,4123837.9296720973,1.0584539004677525
302472.6904645965,4123837.973252027,1.0584539060479585
302472.7149756086,4123838.016831957,1.0584539080773072
302472.7394866205,4123838.060411887,1.0584539050332844
302472.76399763266,4123838.1039918168,1.0584539060479585
302472.78850864473,4123838.1475717467,1.0584539035117755
302472.8130196567,4123838.1911516762,1.0584539080773072
302472.83753066865,4123838.234731606,1.0584539080773072
302472.8620416806,4123838.278311536,1.0584539060479585
302472.8865526927,4123838.321891466,1.0584539070626329
302472.9110637047,4123838.365471396,1.0584539070626329
302472.9355747167,4123838.409051326,1.0584539060479585
302472.9600857288,4123838.452631256,1.058453899453078
302472.984596741,4123838.4962111856,1.0584539060479585
302473.00910775305,4123838.5397911156,1.0584539080773072
302473.033618765,4123838.5833710455,1.0584539070626329
302473.058129777,4123838.6269509755,1.0584539080773072
302473.082640789,4123838.6705309055,1.0584539014824268
302473.10715180106,4123838.714110835,1.0584539070626329
302473.1316628131,4123838.757690765,1.0584539080773072
302473.15617382503,4123838.801270695,1.0584539060479585
302473.1806848371,4123838.844850625,1.0584539060479585
302473.2051958492,4123838.888430555,1.0584539024971011
302473.2297068612,4123838.9320104844,1.0584539070626329
302473.2542178732,4123838.9755904144,1.0584539050332844
302473.27872888534,4123839.0191703443,1.0584539080773072
302473.3032398973,4123839.0627502743,1.0584539060479585
302473.3277509094,4123839.1063302043,1.0584539024971011
302473.3522619214,4123839.149910134,1.0584539080773072
302473.37677293335,4123839.193490064,1.0584539060479585
302473.4012839454,4123839.2370699937,1.0584539050332844
302473.42579495755,4123839.2806499237,1.0584539080773072
302473.4503059695,4123839.3242298537,1.0584539070626329
302473.4748169815,4123839.3678097837,1.0584539004677525
302473.49932799366,4123839.411389713,1.0584539070626329
302473.5238390057,4123839.454969643,1.0584539070626329
302473.5483500177,4123839.498549573,1.0584539050332844
302473.5728610298,4123839.542129503,1.0584539090919816
302473.5973720417,4123839.585709433,1.0584539024971011
302473.62188305374,4123839.6292893626,1.0584539050332844
302473.6463940659,4123839.6728692926,1.0584539050332844
