302476.7845048038,4123845.6622634567,1.0378883234800345
302476.80990681605,4123845.705330123,1.0378880566943323
302476.8353088399,4123845.748396783,1.037887531426843
302476.8607108863,4123845.7914634296,1.0378867266203644
302476.88611296733,4123845.8345300555,1.0378856500145843
302476.9115150949,4123845.8775966545,1.037884270650776
302476.9369172817,4123845.920663218,1.0378825769348126
302476.96231954155,4123845.9637297387,1.037880522146436
302476.9877218896,4123846.006796207,1.0378781074449426
302477.0131243419,4123846.049862614,1.0378752663376631
302477.0385269165,4123846.092928949,1.037871948249994
302477.06392963405,4123846.1359951994,1.037868111631842
302477.0893325169,4123846.1790613527,1.0378636954426887
302477.1147355899,4123846.222127394,1.0378586185877539
302477.1401388815,4123846.265193306,1.0378528012567858
302477.1655424235,4123846.30825907,1.0378461570598283
302477.19094625174,4123846.3513246654,1.0378385739425986
302477.21635040647,4123846.394390068,1.0378299249680738
302477.2417549339,4123846.4374552513,1.0378200608238506
302477.2671598859,4123846.4805201837,1.0378088395328111
302477.2925653212,4123846.523584831,1.0377960756857494
302477.3179713063,4123846.5666491543,1.037781548339137
302477.34337791684,4123846.6097131083,1.0377650447303381
302477.36878523824,4123846.652776643,1.0377462838770892
302477.39419336745,4123846.695839701,1.0377249671903994
302477.41960241465,4123846.7389022177,1.0377007443443382
302477.4450125049,4123846.7819641186,1.0376732251879308
302477.47042378003,4123846.82502532,1.0376419750133459
302477.49583640095,4123846.8680857276,1.037606477575806
302477.52125055046,4123846.911145233,1.0375661553080358
302477.54666643613,4123846.9542037137,1.0375203690426242
302477.5720842933,4123846.9972610306,1.0374683823115625
302477.5975043888,4123847.040317026,1.037409351488982
302477.622927026,4123847.083371521,1.0373423194348963
302477.6483525489,4123847.126424311,1.0372662284901382
302477.67378134787,4123847.169475167,1.037179844255528
302477.69921386556,4123847.212523826,1.0370817935529952
302477.72465060424,4123847.255569991,1.0369705118693668
302477.75009213283,4123847.298613325,1.036844242897255
302477.7755390964,4123847.3416534467,1.0367009856822331
302477.80099222536,4123847.384689922,1.0365384686700678
302477.82645234826,4123847.4277222604,1.0363541515977215
302477.8519204024,4123847.4707499053,1.0361451445879095
302477.87739744876,4123847.513772226,1.0359039128139558
302477.902884873,4123847.5567884,1.035631547662074
302477.92838401237,4123847.59979763,1.035325285603112
302477.95389632264,4123847.642799049,1.0349784256601178
302477.9794235466,4123847.685791616,1.0345858166369384
302478.004967648,4123847.7287741574,1.0341417492287337
302478.0305308337,4123847.7717453507,1.033639935023327
302478.05611557985,4123847.814703711,1.0330734192758642
302478.08172465814,4123847.8576475694,1.0324347241236749
302478.10736115894,4123847.9005750623,1.0317157575859262
302478.1330285162,4123847.9434841117,1.0309079711307718
302478.158730526,4123847.9863724126,1.0300024841461324
302478.1844713594,4123848.029237422,1.028990367098583
302478.2102555635,4123848.072076356,1.0278630036326264
302478.23608804506,4123848.1148861926,1.0266127228927089
302478.2619740296,4123848.157663696,1.0252336250170822
302478.28791898245,4123848.200405457,1.0237228474961229
302478.31392847747,4123848.24310797,1.0220822995657055
302478.3400079913,4123848.2857677527,1.0203211133565633
302478.366162595,4123848.328381536,1.0184590375090303
302478.39239650196,4123848.3709465414,1.0165311627725693
302478.41871241963,4123848.413460891,1.0145943964204713
302478.445110629,4123848.455924195,1.0127067543699093
302478.4715889478,4123848.498337594,1.0109024893769152
302478.4981437502,4123848.540703153,1.0091994069259824
302478.5247706678,4123848.583023428,1.0076040907621715
302478.5514650672,4123848.6253011734,1.0061156077882298
302478.5782223682,4123848.66753914,1.0047280455987455
302478.60503825237,4123848.7097399407,1.003432272396077
302478.63190879766,4123848.75190596,1.0022171833492994
302478.6588305596,4123848.7940392997,1.0010704375326793
302478.68580062076,4123848.8361417404,0.9999790108047163
302478.71281661815,4123848.878214721,0.998929507596679
302478.739876757,4123848.920259326,0.9978881704648569
302478.7669806642,4123848.9622757304,0.9968592408205528
302478.7941277886,4123849.004264224,0.9958514918907867
302478.82131721266,4123849.046225338,0.9948285337878006
302478.84854954615,4123849.088158615,0.9937761410917367
302478.8758259945,4123849.130063209,0.9926798026166215
302478.90314836707,4123849.1719378727,0.9915247304375183
302478.9305190891,4123849.213780948,0.9902958479759446
302478.95794120955,4123849.2555903546,0.9889778412803689
302478.98541841016,4123849.2973635807,0.9875552935944136
302479.01295500575,4123849.3390976745,0.9860129815036476
302479.0405559338,4123849.380789246,0.984336287723824
302479.06822672504,4123849.4224344776,0.9825119080765956
302479.09597344446,4123849.4640291543,0.9805289209221381
302479.1238025882,4123849.5055687237,0.9783803303477493
302479.15172091674,4123849.5470484,0.9760652551196332
302479.1797351964,4123849.588463329,0.9735921691880163
302479.20785181114,4123849.6298088464,0.9709833180976909
302479.2360761935,4123849.67108087,0.9682809954000695
302479.264412004,4123849.712276473,0.9655562277506585
302479.2928599605,4123849.753394719,0.9628991756162576
302479.321417074,4123849.7944372385,0.9603656390479957
302479.35007808276,4123849.8354072818,0.9579873596441768
302479.37883645267,4123849.876309051,0.9557794020288887
302479.4076850652,4123849.9171472285,0.9537454744405831
302479.4366166825,4123849.957926649,0.9518818132719783
302479.46562425076,4123849.9986520833,0.9501150580514107
302479.4947037254,4123850.0393262045,0.9485745273286295
302479.52384582395,4123850.0799554777,0.9471688187468619
302479.55304500577,4123850.1205437444,0.9458835739063621
302479.58229632897,4123850.161094449,0.944704490686328
302479.61159544403,4123850.201610635,0.9436174571656816
302479.6409385845,4123850.2420949484,0.9426086610840847
302479.6703225503,4123850.2825496397,0.9416647694794046
302479.69974468806,4123850.322976578,0.9407728781581365
302479.7292028707,4123850.363377259,0.9399205335996818
302479.7586954778,4123850.403752817,0.9390956935575729
302479.78822137846,4123850.4441040345,0.9382865684027447
302479.81777991867,4123850.4844313487,0.9374816370522386
302479.84737090976,4123850.524734857,0.9366695537125251
302479.876994621,4123850.565014322,0.935839035787312
302479.90665177465,4123850.6052691694,0.9349788844449974
302479.9363435424,4123850.6454984923,0.9340779523963525
302479.96607154194,4123850.6857010485,0.9331251447675615
302479.99583783286,4123850.725875261,0.9321095797607408
302480.02564490796,4123850.766019223,0.9310207176167205
302480.0554956764,4123850.806130705,0.9298487343685684
302480.08539343433,4123850.846207175,0.9285849512617005
302480.1153418166,4123850.886245829,0.9272226120867904
302480.14534471795,4123850.926243647,0.9257578607814236
302480.175406175,4123850.9661974767,0.9241912247652426
302480.20553018997,4123851.0061041643,0.9224485078549346
302480.23572370515,4123851.0459582936,0.9207011330625517
302480.26598681236,4123851.0857596,0.9189144774380998
302480.29632098007,4123851.1255067703,0.9171413743501828
302480.32672557404,4123851.16520009,0.9154145247732585
302480.3571986659,4123851.204840845,0.9137512895855253
302480.387737647,4123851.2444308605,0.9121582038411918
302480.41833965905,4123851.283972174,0.9106343352998686
302480.44900189136,4123851.323466808,0.909173543169354
302480.47972178465,4123851.3629166093,0.9077660575040518
302480.51049717265,4123851.402323134,0.9063996248187622
302480.54132637865,4123851.4416875695,0.9050601970402385
302480.5722082831,4123851.481010677,0.9037323926114743
302480.60314237385,4123851.5202927445,0.9023997758434452
302480.6341287851,4123851.559533554,0.9010449455700684
302480.66516833275,4123851.5987323467,0.8996495752764009
302480.696262547,4123851.6378877894,0.8981943838762614
302480.7274137075,4123851.6769979433,0.8966589611017348
302480.75862488203,4123851.716060221,0.8950217154753434
302480.78989997023,4123851.7550713476,0.8932596105886813
302480.82124375296,4123851.794027305,0.8913481087035746
302480.85266194557,4123851.8329232815,0.889175982254814
302480.88416455226,4123851.8717509233,0.8868238121096854
302480.9157583979,4123851.9105043546,0.8842672097835871
302480.9474512113,4123851.949176879,0.8814386453564049
302480.9792532776,4123851.9877595943,0.8783039459765393
302481.0111761227,4123852.026242418,0.8748275793169801
302481.0432325418,4123852.0646140184,0.8709734626902691
302481.0754365947,4123852.1028617653,0.8667060573658505
302481.1078035523,4123852.140971713,0.8619922840561923
302481.1403497676,4123852.1789286393,0.8568041918818176
302481.17309244093,4123852.2167161717,0.8511230373131005
302481.2060492326,4123852.254317046,0.8449450182680547
302481.2392376636,4123852.2917135637,0.8382895378949773
302481.2726742248,4123852.3288883423,0.8312106385249515
302481.30637308664,4123852.36582548,0.8238131139705673
302481.3403442672,4123852.402512321,0.8162745992055963
302481.37459106575,4123852.4389420524,0.8088109569435262
302481.4091088403,4123852.4751152014,0.8015515855053909
302481.4438883365,4123852.5110368626,0.7945642551209706
302481.4789180172,4123852.546714673,0.7878731853037868
302481.514185672,4123852.5821573376,0.7814719636359972
302481.5496795131,4123852.6173735554,0.775332904650153
302481.5853889104,4123852.6523712436,0.7691938275257812
302481.62131249247,4123852.6871490562,0.7634016731568716
302481.65743688634,4123852.72171819,0.7577571115663346
302481.6937558071,4123852.7560828445,0.7521422391351176
302481.7302670861,4123852.7902430124,0.7464863165464812
302481.76697096624,4123852.8241961105,0.7407149441978261
302481.8038701676,4123852.857936792,0.7347502090826546
302481.8409699405,4123852.891456758,0.7285106662060208
302481.8782781091,4123852.924744561,0.721911331460389
302481.91580510506,4123852.9577853996,0.7148637354417042
302481.9535639818,4123852.990560907,0.707276198091727
302481.991570401,4123853.023048931,0.6990546481002955
302482.0298425699,4123853.055223334,0.6901041192840681
302482.06840110343,4123853.087053834,0.6803313066542889
302482.10726877477,4123853.118505922,0.6696488813098898
302482.14647010615,4123853.149540943,0.6579819619135852
302482.18603073544,4123853.180116419,0.6452779386273853
302482.22597648273,4123853.210186779,0.6315206569282027
302482.266332021,4123853.239704691,0.6167508397469618
302482.30711903906,4123853.2686233064,0.6010943152545557
302482.3483537747,4123853.2968998,0.584801143673431
302482.39004377375,4123853.3245007545,0.5682984104852223
302482.4321837068,4123853.3514100723,0.5521518832419946
302482.4747528053,4123853.3776356126,0.5367103991382105
302482.51772196864,4123853.4032008382,0.5221686194565495
302482.56105852127,4123853.4281386393,0.5086137167357716
302482.60472927045,4123853.452486833,0.4960593692206793
302482.64870237844,4123853.4762849365,0.48447047540491095
302482.69294842845,4123853.49957191,0.47355996286493707
302482.7374459476,4123853.522374778,0.46358570452017783
302482.78216864204,4123853.5447326647,0.4544632714996925
302482.8270933725,4123853.5666816183,0.4459471916790831
302482.87220335094,4123853.588247179,0.437934263777629
302482.9174846551,4123853.6094505754,0.4303220516973133
302482.9629260304,4123853.6303086607,0.4230099075044469
302483.0085186901,4123853.65083391,0.41589956238752085
302483.0542561215,4123853.671034456,0.4088954114163582
302483.1001339002,4123853.6909141503,0.401904568601739
302483.1461495115,4123853.710472628,0.39483721195661187
302483.19230217417,4123853.7297054008,0.3876069416146329
302483.2385926572,4123853.748603965,0.3801317483649613
302483.28502308036,4123853.76715596,0.3723355457113163
302483.33159668575,4123853.7853453984,0.3641506047545032
302483.3783175659,4123853.803153013,0.35552115034354886
302483.42519033235,4123853.820556778,0.34640866597273956
302483.47221970727,4123853.8375326865,0.3367992120988683
302483.5194100192,4123853.854055885,0.32671347885411717
302483.5667645862,4123853.870102306,0.3162204032203736
302483.6142849699,4123853.8856509738,0.3054551629994617
302483.6619700828,4123853.900687214,0.29464289496170104
302483.7098151292,4123853.915207046,0.2841172525196151
302483.7578105152,4123853.9292225307,0.27380646375093004
302483.8059479458,4123853.9427424334,0.26406913873875687
302483.8542146764,4123853.9557929556,0.25532345890713115
302483.9025935894,4123853.968420831,0.24720644499472452
302483.95107334614,4123853.980655587,0.239684534772612
302483.9996437309,4123853.9925253326,0.23270928419572853
302484.04829572287,4123854.0040560006,0.22622349729218275
302484.09702148644,4123854.015270884,0.2201653418395371
302484.1458143157,4123854.0261903796,0.2144709683018426
302484.1946685561,4123854.03683186,0.20907631117137895
302484.2435795169,4123854.04720964,0.20391810131931187
302484.2925433827,4123854.0573349954,0.19893445312828426
302484.3415571268,4123854.0672162124,0.19406535577387873
302484.390618429,4123854.076858666,0.18925289211251264
302484.4397255961,4123854.0862649083,0.18444170225251466
302484.4888774841,4123854.0954347854,0.17957956406789977
302484.53807341825,4123854.1043655793,0.17431462529950864
302484.58731570013,4123854.113037239,0.16911419025584057
302484.6366023734,4123854.1214526943,0.16380943796119563
302484.68593294686,4123854.129606571,0.15830877973225158
302484.7353075788,4123854.1374889677,0.15261564018222848
302484.78472624224,4123854.145090135,0.14676222379603698
302484.83418851515,4123854.1524019,0.14082231318010602
302484.883693324,4123854.159419733,0.13492905394432583
302484.9332386308,4123854.1661457014,0.12920077614699776
302484.9828216687,4123854.1725877537,0.12370814992232673
302485.0324393676,4123854.1787573723,0.11848699758311491
302485.0820886321,4123854.18466785,0.1135481038912405
302485.13176651223,4123854.1903330474,0.10888429838623646
302485.18147030164,4123854.1957664993,0.10447593755465043
302485.2311975864,4123854.2009807895,0.10029456748903001
302485.2809462622,4123854.205987109,0.09630591205965228
302485.33071453124,4123854.2107949606,0.09247179756622381
302485.38050088735,4123854.215411962,0.08875145537596958
302485.4303040941,4123854.2198437112,0.08492962429469969
302485.4801238764,4123854.2240850893,0.08128837693205244
302485.5299587567,4123854.228145032,0.07764400410708255
302485.5798080859,4123854.2320233304,0.0739328527647355
302485.629671449,4123854.2357166028,0.0701121508228293
302485.6795485428,4123854.2392193344,0.06614023162548947
302485.7294391377,4123854.24252393,0.061977758710386306
302485.7793430358,4123854.245620828,0.05758905523303401
302485.82926002255,4123854.2484986824,0.052944284983007274
302485.8791898137,4123854.2511446523,0.048022573150368425
302485.9291319977,4123854.25354485,0.04281649069460551
302485.9790859765,4123854.255685012,0.03733825756732905
302486.0290509102,4123854.257551483,0.031628596299275835
302486.07902567537,4123854.259132642,0.025768723471614085
302486.1290088514,4123854.2604209296,0.019897032049382507
302486.17899875354,4123854.2614157116,0.014175018787430268
302486.2289935634,4123854.2621244364,0.008699346362293596
302486.2789915418,4123854.262559397,0.003521214108493813
302486.32899113867,4123854.262735457,-0.0013398026682374937
302486.37899103365,4123854.262668467,-0.005885689015787898
302486.4289901362,4123854.2623741846,-0.010132973721199773
302486.4789875624,4123854.2618675446,-0.014246606707044815
302486.5289824883,4123854.2611552384,-0.01802566759183425
302486.57897435233,4123854.260254004,-0.021539648029709046
302486.6289627266,4123854.2591771055,-0.024893582312168087
302486.6789471979,4123854.257932556,-0.028126434188669207
302486.72892737715,4123854.256526421,-0.03127747170436168
302486.7789028715,4123854.254962804,-0.03438600996110071
302486.8288732583,4123854.253243844,-0.037491060174145524
302486.8788380614,4123854.2513697324,-0.040631314645086576
302486.9287967272,4123854.2493387284,-0.043844852154717076
302486.978748602,4123854.2471471913,-0.04716894620054917
302487.02869290917,4123854.2447896223,-0.05063956705995014
302487.0786287264,4123854.2422587303,-0.05429070613827213
302487.1285549639,4123854.2395455334,-0.05815334707880463
302487.1784703444,4123854.2366395104,-0.062253829464064235
302487.22837338835,4123854.2335288352,-0.0666117718535525
302487.2782624078,4123854.2302007154,-0.07123686179334233
302487.32813551556,4123854.2266418897,-0.0761246928033082
302487.37799065985,4123854.222839334,-0.08125106606806458
302487.4278256973,4123854.21878125,-0.08685796822959327
302487.4776372082,4123854.2144438103,-0.09233559649179596
302487.52742417296,4123854.2098335917,-0.09763904916902914
302487.5771859461,4123854.2049594005,-0.10274603755589153
302487.6269221502,4123854.199831144,-0.10760619693735214
302487.6766328288,4123854.1944612246,-0.11219892659512459
302487.7263183176,4123854.1888630553,-0.11652410000624776
302487.7759791334,4123854.18305004,-0.12059545767027935
302487.8256158804,4123854.1770348856,-0.12443589499523239
302487.87522917293,4123854.1708291476,-0.12807428207244068
302487.92481957166,4123854.164442937,-0.13154313825807856
302487.974387533,4123854.157884741,-0.1348771818148575
302488.0239333674,4123854.1511613186,-0.1381124499847658
302488.07345720485,4123854.1442776355,-0.1412854553679785
302488.1229589664,4123854.1372368457,-0.14443288477547042
302488.17243833974,4123854.130040285,-0.14770242391979546
302488.22189393046,4123854.122681987,-0.1510578819851175
302488.27132454305,4123854.115157786,-0.15436654954479118
302488.32072996994,4123854.10747008,-0.15779889579281683
302488.3701086989,4123854.099612846,-0.161385027478937
302488.4194589129,4123854.091578588,-0.1651508063920541
302488.46877850126,4123854.0833585486,-0.16911559983087227
302488.5180650912,4123854.074943036,-0.17328915960430577
302488.5673161112,4123854.0663218996,-0.17766701398898294
302488.6165289037,4123854.0574852354,-0.18222380982398434
302488.665700913,4123854.048424412,-0.18690416849504313
302488.7148299818,4123854.039133545,-0.19160995148434462
302488.7639148062,4123854.029611587,-0.19621863535811038
302488.81295525335,4123854.019863509,-0.20065427087219925
302488.86195200885,4123854.009897996,-0.20487449852855844
302488.91090629983,4123853.9997257893,-0.20886110565054714
302488.9598196746,4123853.989358497,-0.2127407642139233
302489.0086924698,4123853.9788015136,-0.21634192158737528
302489.05752691947,4123853.968068603,-0.21964003238886293
302489.1063256911,4123853.957174693,-0.22276449904628307
302489.1550901779,4123853.946128368,-0.22574377467826154
302489.2038215326,4123853.9349368108,-0.2286084893377732
302489.25252062327,4123853.923605699,-0.23139063130500687
302489.30118799827,4123853.9121391443,-0.2341232669609749
302489.34982385574,4123853.9005396427,-0.23684013255503952
302489.3984280176,4123853.8888080474,-0.2395755690438637
302489.44699990464,4123853.876943543,-0.24236442997385865
302489.4955385121,4123853.8649436254,-0.2452421079750809
302489.54404238466,4123853.8528040797,-0.24824434700485168
302489.59250959085,4123853.840518969,-0.2514072589727224
302489.64093769726,4123853.828080623,-0.25476688983188184
302489.6893237433,4123853.8154796464,-0.25835892865478344
302489.7376642192,4123853.8027049457,-0.2622177616764234
302489.7859550509,4123853.7897437997,-0.266375536646964
302489.8341915961,4123853.7765819784,-0.27095782033070204
302489.8823673448,4123853.7631992567,-0.2760305965298944
302489.9304745744,4123853.749572327,-0.2812747976554977
302489.97850963875,4123853.7356933136,-0.28686977389887425
302490.0264662507,4123853.721545778,-0.2927803639636894
302490.07433835417,4123853.707115055,-0.2989352054050932
302490.1221206846,4123853.6923899767,-0.30521225829717125
302490.1698096097,4123853.677365269,-0.31141874491438876
302490.2174043574,4123853.662044875,-0.31740083244401646
302490.2649066181,4123853.6464400366,-0.3230669975717387
302490.31231972313,4123853.630566286,-0.32836925233665754
302490.3596480284,4123853.614441352,-0.3332895613162578
302490.40689645626,4123853.598083732,-0.3378300949321668
302490.4540701587,4123853.581511737,-0.3420062697404416
302490.5011742728,4123853.56474287,-0.345841880201661
302490.54821374814,4123853.5477934447,-0.3493656855214612
302490.5951932271,4123853.530678359,-0.3526091680569013
302490.64211696497,4123853.5134109794,-0.35575931890910406
302490.6889860793,4123853.4959958675,-0.358565946395026
302490.73580612114,4123853.478449284,-0.3611429986653342
302490.78258078045,4123853.4607821046,-0.36357585419784094
302490.82931231416,4123853.4430011837,-0.36589441101033104
302490.8760024933,4123853.425111962,-0.36812729676920103
302490.92265260976,4123853.407118532,-0.37030190789528195
302490.9692634863,4123853.389023699,-0.37244433676566363
302491.01583548845,4123853.370829047,-0.37457920041354237
302491.0623685413,4123853.352535012,-0.37672938411445617
302491.1088621515,4123853.334140965,-0.37891560627256227
302491.1553154381,4123853.3156453157,-0.3811556460180876
302491.20172717917,4123853.297045655,-0.3834632632301097
302491.24809587916,4123853.278338942,-0.3858464461452411
302491.29441987106,4123853.2595217754,-0.38830503032345187
302491.3406974667,4123853.240590771,-0.3908272195789695
302491.38692717714,4123853.2215431025,-0.3935195499916493
302491.4331054393,4123853.2023710366,-0.3960677968639066
302491.4792346884,4123853.183081363,-0.3985239174938365
302491.5253164134,4123853.1636784514,-0.4009016684866789
302491.57135186775,4123853.1441660263,-0.40319790404881256
302491.61734239233,4123853.124547946,-0.40541768754057483
302491.6632892541,4123853.1048278254,-0.40757203084828303
302491.70919352444,4123853.085008766,-0.40967630760066737
302491.7550559879,4123853.0650931555,-0.41174906211859424
302491.80087707244,4123853.0450825263,-0.4138111822556894
302491.84665679507,4123853.024977451,-0.41588527312312296
302491.8923947191,4123853.0047774683,-0.4179952840373895
302491.9380899186,4123852.984481023,-0.4201661888848759
302491.9837409484,4123852.964085426,-0.42242364355690487
302492.0293458193,4123852.9435868263,-0.42479372873767046
302492.07490197866,4123852.922980197,-0.42730253686967173
302492.1204062977,4123852.90225934,-0.4299755509957592
302492.165855069,4123852.881416923,-0.4328369016188045
302492.2112440213,4123852.8604445443,-0.4359079781461173
302492.2565683597,4123852.8393328683,-0.43920569111495633
302492.30182284326,4123852.818071835,-0.44290508844207654
302492.34699836606,4123852.796643533,-0.44671437993545965
302492.39209192037,4123852.7750433064,-0.45071330233519896
302492.437098719,4123852.753262936,-0.45487253771899133
302492.4820145208,4123852.73129557,-0.4591040650578634
302492.52683694975,4123852.709138346,-0.46326486610206863
302492.5715667911,4123852.686794821,-0.46725418745002606
302492.61620713957,4123852.664273034,-0.47101157342366146
302492.6607625534,4123852.641583673,-0.4745049018009108
302492.7052384407,4123852.618738801,-0.4777215814619299
302492.74964062177,4123852.5957509787,-0.480662228118416
302492.79397502035,4123852.57263268,-0.4833361706079133
302492.8382474521,4123852.5493959123,-0.48575811108447886
302492.88246348326,4123852.5260519837,-0.48794597269367423
302492.9266283421,4123852.502611369,-0.48991918145575303
302492.97074686736,4123852.4790836503,-0.4916976825452331
302493.0148234832,4123852.4554775017,-0.49330124045683754
302493.0588621923,4123852.431800702,-0.49474891577429847
302493.10286658176,4123852.408060172,-0.49605887276629956
302493.14683983655,4123852.3842620174,-0.49724820427856764
302493.1907847584,4123852.3604115797,-0.49833284755276847
302493.2347037863,4123852.336513491,-0.4993277040252114
302493.2785990183,4123852.31257172,-0.5002464985158871
302493.3224722352,4123852.2885896284,-0.5011019421601179
302493.36632492114,4123852.264570014,-0.5019098075506431
302493.41015818884,4123852.24051498,-0.5026942880761257
302493.45397257217,4123852.2164255674,-0.5034231534704573
302493.49776938534,4123852.1923042266,-0.5041297863584663
302493.5415491427,4123852.1681519435,-0.5048208700985353
302493.5853121977,4123852.143969411,-0.5055012973929177
302493.62905878824,4123852.1197571065,-0.5061734367282756
302493.6727890945,4123852.095515404,-0.5068362670732683
302493.716503323,4123852.071244721,-0.5074839461471711
302493.76020182244,4123852.04694573,-0.5081039231528199
302493.8038852489,4123852.022619652,-0.5086867923387891
302493.8475544892,4123851.9982681163,-0.5092274964237729
302493.89121055615,4123851.973892972,-0.5097239518171771
302493.9348545169,4123851.949496157,-0.5101760661398324
302493.97848744306,4123851.9250796125,-0.5105851680205787
302494.02211037686,4123851.9006452197,-0.5109534372914228
302494.0657243095,4123851.8761947635,-0.5112835630781164
302494.10933016817,4123851.8517299104,-0.5115784625775646
302494.15292881033,4123851.827252199,-0.511841151698866
302494.1965210209,4123851.8027630355,-0.5120746226786822
302494.2401075131,4123851.778263695,-0.5122816843926392
302494.2836889314,4123851.75375533,-0.5124650563670027
302494.3272658548,4123851.729238974,-0.5126272211955355
302494.37083880213,4123851.7047155513,-0.5127704650107069
302494.4144082361,4123851.6801858875,-0.5128968944092768
302494.45797456853,4123851.6556507153,-0.5130083796420046
302494.5015381654,4123851.6311106863,-0.5131066275349606
302494.545099351,4123851.6065663774,-0.5131931843441672
302494.588658412,4123851.582018298,-0.5132693762156334
302494.6322156025,4123851.5574669,-0.5133364195824957
302494.6757711469,4123851.5329125817,-0.5133954141941375
302494.7193252427,4123851.508355694,-0.5134473009465644
302494.76287806424,4123851.4837965462,-0.5134929242804848
302494.80642976525,4123851.4592354116,-0.5135330506926414
302494.8499804808,4123851.4346725293,-0.5135683160605171
302494.89353033,4123851.4101081113,-0.5135993026534734
302494.93707941804,4123851.385542344,-0.5136265273790449
302494.98062783724,4123851.3609753908,-0.5136504482838249
302495.0241756687,4123851.336407396,-0.5136714691285581
302495.0677229839,4123851.3118384858,-0.5136899271700258
302495.11126984545,4123851.287268772,-0.5137061487963186
302495.15481630847,4123851.2626983514,-0.5137203829202138
302495.19836242165,4123851.238127311,-0.5137329045042079
302495.2419082272,4123851.2135557258,-0.513743906459244
302495.28545376257,4123851.188983661,-0.5137535533586294
302495.3289990608,4123851.1644111765,-0.5137620323922585
302495.37254415074,4123851.1398383225,-0.5137694763630972
302495.4160890577,4123851.1152651445,-0.5137760112085961
302495.459633804,4123851.090691682,-0.5137817530388206
302495.50317840924,4123851.0661179693,-0.5137868011700439
302495.5467228904,4123851.041544037,-0.5137912382254621
302495.5902672626,4123851.0169699113,-0.5137951508333362
302495.63381153875,4123850.992395615,-0.5137985753414097
302495.67735573056,4123850.96782117,-0.5138015886511392
302495.7208998485,4123850.9432465937,-0.5138042207160547
302495.76444390166,4123850.9186719027,-0.5138065420433505
302495.8079878977,4123850.8940971107,-0.5138085636046026
302495.85153184406,4123850.8695222307,-0.5138103483684184
302495.89507574664,4123850.844947273,-0.5138119217110487
302495.93861961045,4123850.8203722467,-0.5138133085367071
302495.98216344044,4123850.79579716,-0.5138144994902472
302496.02570724086,4123850.7712220214,-0.5138155564960031
302496.06925101543,4123850.746646837,-0.5138164765929677
302496.11279476737,4123850.7220716123,-0.5138172985178205
302496.1563384992,4123850.697496352,-0.5138180164486577
302496.1998822133,4123850.67292106,-0.5138186471789702
302496.24342591193,4123850.648345741,-0.5138191929975098
302496.2869695971,4123850.623770398,-0.5138196735586994
302496.3305132705,4123850.5991950342,-0.5138201113779072
302496.3740569332,4123850.5746196513,-0.5138204879450959
302496.4176005865,4123850.550044252,-0.513820827019988
302496.46114423167,4123850.525468838,-0.5138210978766096
302496.5046878699,4123850.500893412,-0.5138213427847123
302496.54823150224,4123850.4763179757,-0.5138215657496319
302496.5917751292,4123850.4517425294,-0.5138217476891455
302496.6353187517,4123850.427167075,-0.5138219099742449
302496.67886237,4123850.402591614,-0.5138220589989854
302496.72240598476,4123850.3780161464,-0.5138222063071484
302496.76594959607,4123850.353440672,-0.5138223061958554
302496.80949320464,4123850.3288651938,-0.5138224101898445
302496.8530368109,4123850.3042897107,-0.5138224973903835
302496.89658041485,4123850.279714224,-0.5138225719027534
302496.940124017,4123850.255138734,-0.5138226261885183
302496.9836676178,4123850.2305632415,-0.5138226793298978
302497.02721121727,4123850.205987747,-0.5138227307546985
302497.07075481565,4123850.18141225,-0.5138227775020294
302497.1142984126,4123850.156836751,-0.513822828354637
302497.15784200846,4123850.1322612497,-0.513822860697219
302497.2013856035,4123850.107685747,-0.5138228913232219
302497.24492919794,4123850.083110243,-0.5138229149829844
302497.2884727916,4123850.058534738,-0.513822944464601
302497.33201638475,4123850.033959232,-0.5138229571527719
302497.37555997743,4123850.009383725,-0.5138229889231608
302497.41910356935,4123849.984808217,-0.5138230004669457
302497.4626471609,4123849.960232708,-0.5138230212657429
302497.506190752,4123849.9356571985,-0.51382304206454
302497.54973434267,4123849.911081688,-0.5138230437811195
302497.59327793313,4123849.8865061775,-0.5138230622911438
302497.63682152337,4123849.861930666,-0.5138230645799167
302497.68036511337,4123849.8373551546,-0.513823074407122
302497.7239087032,4123849.8127796426,-0.5138230749793152
302497.76745229296,4123849.7882041307,-0.5138230853787138
302497.8109958825,4123849.7636286183,-0.5138230957781124
302497.8545394718,4123849.7390531055,-0.5138231050331243
302497.898083061,4123849.714477592,-0.5138230969224988
302497.94162665016,4123849.6899020793,-0.5138231061775108
302497.98517023923,4123849.665326566,-0.5138231073218974
302498.0287138282,4123849.6407510526,-0.5138231160047161
302498.0722574171,4123849.616175539,-0.5138231090384772
302498.11580100586,4123849.5916000255,-0.5138231258319212
302498.1593445946,4123849.5670245113,-0.5138231194378757
302498.2028881831,4123849.5424489975,-0.5138231275485011
302498.24643177167,4123849.5178734832,-0.5138231286928877
302498.2899753601,4123849.493297969,-0.5138231385200929
302498.33351894835,4123849.4687224543,-0.5138231385200929
302498.3770625366,4123849.4441469396,-0.5138231379478996
302498.4206061249,4123849.419571425,-0.5138231373757063
302498.4641497133,4123849.39499591,-0.5138231298372743
302498.5076933016,4123849.370420396,-0.5138231385200929
302498.55123688985,4123849.345844881,-0.5138231390922862
302498.59478047804,4123849.3212693664,-0.5138231385200929
302498.6383240663,4123849.2966938517,-0.5138231390922862
302498.6818676545,4123849.272118337,-0.5138231390922862
302498.7254112427,4123849.2475428223,-0.5138231489194914
302498.7689548307,4123849.222967307,-0.5138231489194914
302498.81249841873,4123849.198391792,-0.5138231390922862
302498.8560420069,4123849.173816277,-0.5138231472029116
302498.8995855951,4123849.149240762,-0.5138231396644795
302498.94312918326,4123849.1246652473,-0.5138231390922862
302498.98667277145,4123849.1000897326,-0.5138231396644795
302499.0302163596,4123849.075514218,-0.5138231472029116
302499.0737599478,4123849.0509387027,-0.5138231396644795
302499.1173035359,4123849.026363188,-0.5138231396644795
302499.16084712406,4123849.001787673,-0.5138231494916847
302499.204390712,4123848.977212158,-0.5138231494916847
302499.2479343,4123848.952636643,-0.5138231477751048
302499.2914778881,4123848.9280611277,-0.5138231396644795
302499.33502147626,4123848.903485613,-0.5138231390922862
302499.37856506446,4123848.878910098,-0.5138231477751048
302499.4221086526,4123848.854334583,-0.5138231396644795
302499.46565224073,4123848.8297590683,-0.5138231396644795
302499.50919582887,4123848.8051835536,-0.5138231472029116
302499.55273941706,4123848.7806080384,-0.5138231396644795
302499.5962830052,4123848.7560325237,-0.513823150063878
302499.6398265931,4123848.7314570085,-0.5138231494916847
302499.68337018107,4123848.7068814933,-0.5138231390922862
302499.72691376926,4123848.6823059786,-0.5138231477751048
302499.7704573574,4123848.6577304634,-0.5138231396644795
302499.81400094554,4123848.6331549487,-0.5138231396644795
302499.8575445337,4123848.608579434,-0.5138231472029116
302499.9010881219,4123848.584003919,-0.5138231396644795
302499.94463171,4123848.559428404,-0.5138231396644795
302499.98817529815,4123848.5348528894,-0.5138231396644795
302500.0317188863,4123848.5102773746,-0.5138231472029116
302500.0752624745,4123848.4857018595,-0.5138231494916847
302500.11880606244,4123848.4611263443,-0.513823150063878
302500.16234965035,4123848.436550829,-0.5138231390922862
302500.20589323854,4123848.4119753144,-0.5138231477751048
302500.2494368267,4123848.387399799,-0.5138231396644795
302500.2929804148,4123848.3628242845,-0.5138231396644795
302500.33652400295,4123848.3382487698,-0.5138231390922862
302500.38006759115,4123848.313673255,-0.5138231477751048
302500.4236111793,4123848.28909774,-0.5138231396644795
302500.4671547674,4123848.264522225,-0.5138231390922862
302500.5106983556,4123848.2399467104,-0.5138231494916847
302500.5542419436,4123848.215371195,-0.513823150063878
302500.5977855315,4123848.19079568,-0.5138231472029116
302500.6413291197,4123848.166220165,-0.5138231396644795
302500.6848727078,4123848.14164465,-0.5138231396644795
302500.72841629595,4123848.1170691354,-0.5138231477751048
302500.7719598841,4123848.0924936202,-0.5138231390922862
302500.8155034723,4123848.0679181055,-0.5138231396644795
302500.8590470604,4123848.043342591,-0.5138231477751048
302500.90259064856,4123848.0187670756,-0.5138231396644795
302500.9461342367,4123847.994191561,-0.5138231494916847
302500.98967782466,4123847.9696160457,-0.5138231494916847
302501.0332214126,4123847.9450405305,-0.5138231396644795
302501.07676500076,4123847.920465016,-0.5138231472029116
302501.12030858896,4123847.8958895006,-0.5138231396644795
302501.1638521771,4123847.871313986,-0.5138231396644795
302501.20739576523,4123847.846738471,-0.5138231477751048
302501.25093935337,4123847.822162956,-0.5138231390922862
302501.29448294156,4123847.7975874413,-0.5138231396644795
302501.3380265297,4123847.7730119266,-0.5138231477751048
302501.38157011784,4123847.7484364114,-0.5138231494916847
302501.4251137058,4123847.723860896,-0.5138231494916847
302501.46865729376,4123847.699285381,-0.5138231396644795
302501.5122008819,4123847.6747098663,-0.5138231396644795
302501.55574447004,4123847.6501343516,-0.5138231472029116
302501.59928805823,4123847.6255588364,-0.5138231396644795
302501.6428316464,4123847.6009833217,-0.5138231396644795
302501.6863752345,4123847.576407807,-0.5138231477751048
302501.72991882265,4123847.5518322918,-0.5138231390922862
302501.77346241084,4123847.527256777,-0.5138231396644795
302501.817005999,4123847.5026812623,-0.5138231477751048
302501.8605495871,4123847.478105747,-0.5138231494916847
302501.9040931751,4123847.453530232,-0.5138231494916847
302501.94763676304,4123847.428954717,-0.5138231396644795
302501.9911803512,4123847.404379202,-0.5138231396644795
302502.0347239393,4123847.3798036873,-0.5138231477751048
302502.07826752745,4123847.355228172,-0.5138231390922862
302502.12181111565,4123847.3306526574,-0.5138231396644795
302502.1653547038,4123847.3060771427,-0.5138231477751048
302502.2088982919,4123847.2815016275,-0.5138231396644795
302502.25244188006,4123847.256926113,-0.5138231390922862
302502.29598546826,4123847.232350598,-0.5138231494916847
302502.3395290562,4123847.207775083,-0.5138231494916847
302502.3830726442,4123847.1831995677,-0.5138231477751048
302502.4266162323,4123847.1586240525,-0.5138231396644795
302502.47015982046,4123847.134048538,-0.5138231396644795
302502.5137034086,4123847.109473023,-0.5138231472029116
302502.5572469968,4123847.084897508,-0.5138231396644795
302502.6007905849,4123847.060321993,-0.5138231396644795
302502.64433417306,4123847.0357464785,-0.5138231396644795
302502.6878777612,4123847.0111709638,-0.5138231472029116
302502.7314213494,4123846.9865954486,-0.5138231494916847
302502.77496493736,4123846.9620199334,-0.5138231494916847
302502.8185085253,4123846.937444418,-0.5138231396644795
302502.86205211346,4123846.9128689035,-0.5138231477751048
302502.9055957016,4123846.8882933883,-0.5138231396644795
302502.94913928973,4123846.8637178736,-0.5138231396644795
302502.99268287787,4123846.839142359,-0.5138231472029116
302503.03622646607,4123846.8145668437,-0.5138231396644795
302503.0797700542,4123846.789991329,-0.5138231396644795
302503.12331364234,4123846.7654158142,-0.5138231396644795
302503.1668572305,4123846.7408402995,-0.5138231472029116
302503.2104008187,4123846.7162647843,-0.5138231494916847
302503.25394440664,4123846.691689269,-0.5138231494916847
302503.2974879946,4123846.667113754,-0.5138231396644795
302503.34103158274,4123846.6425382392,-0.5138231477751048
302503.3845751709,4123846.617962724,-0.5138231396644795
302503.428118759,4123846.5933872093,-0.5138231396644795
302503.47166234715,4123846.5688116946,-0.5138231390922862
302503.51520593534,4123846.54423618,-0.5138231477751048
302503.5587495235,4123846.5196606647,-0.5138231396644795
302503.6022931116,4123846.49508515,-0.5138231396644795
302503.64583669975,4123846.4705096353,-0.5138231489194914
302503.6893802878,4123846.44593412,-0.5138231489194914
302503.7329238758,4123846.421358605,-0.5138231483472981
302503.7764674639,4123846.3967830897,-0.5138231390922862
302503.82001105207,4123846.372207575,-0.5138231396644795
302503.8635546402,4123846.3476320603,-0.5138231390922862
302503.9070982284,4123846.3230565456,-0.5138231390922862
302503.9506418166,4123846.298481031,-0.5138231466307183
302503.99418540485,4123846.2739055157,-0.5138231390922862
302504.03772899305,4123846.249330001,-0.5138231385200929
302504.0812725813,4123846.2247544862,-0.5138231402366727
302504.1248161694,4123846.2001789715,-0.5138231483472981
302504.16835975746,4123846.1756034563,-0.5138231390922862
302504.21190334565,4123846.1510279416,-0.5138231298372743
302504.25544693397,4123846.1264524274,-0.5138231373757063
302504.29899052234,4123846.1018769126,-0.5138231286928877
302504.34253411076,4123846.0773013984,-0.5138231368035131
302504.3860776992,4123846.0527258837,-0.5138231281206944
302504.4296212877,4123846.0281503694,-0.5138231194378757
302504.4731648762,4123846.0035748556,-0.5138231258319212
302504.51670846494,4123845.9789993414,-0.5138231078940906
302504.56025205384,4123845.954423828,-0.5138231056053176
302504.60379564296,4123845.9298483147,-0.5138230957781124
302504.64733923227,4123845.905272802,-0.5138230859509071
302504.69088282174,4123845.8806972895,-0.5138230755515085
302504.73442641145,4123845.8561217776,-0.5138230732627356
302504.7779700014,4123845.8315462656,-0.5138230536083249
302504.8215135917,4123845.8069707546,-0.5138230426367332
302504.86505718227,4123845.782395244,-0.5138230316651414
302504.90860077314,4123845.757819734,-0.5138230108663443
302504.9521443645,4123845.733244225,-0.5138229987503663
302504.9956879562,4123845.7086687163,-0.5138229681243637
302505.0392315486,4123845.684093209,-0.5138229352095885
302505.08277514187,4123845.659517703,-0.513822894184187
302505.126318736,4123845.634942199,-0.513822860125026
302505.1698623311,4123845.6103666965,-0.5138228185274314
302505.2134059272,4123845.5857911957,-0.5138227746410648
302505.2569495244,4123845.561215697,-0.5138227111002868
302505.3004931231,4123845.5366402008,-0.5138226354435315
302505.3440367238,4123845.512064708,-0.5138225505317631
302505.38758032647,4123845.487489219,-0.5138224546484029
302505.4311239315,4123845.462913734,-0.5138223668756715
302505.47466753883,4123845.4383382527,-0.5138222420828842
302505.51821114897,4123845.413762777,-0.5138221127125574
302505.56175476237,4123845.389187307,-0.5138219827700389
302505.6052983791,4123845.3646118427,-0.5138218129465003
302505.6488419999,4123845.3400363857,-0.5138216194632036
302505.6923856255,4123845.315460937,-0.513821396498284
302505.7359292565,4123845.2908854983,-0.5138211498736075
302505.77947289357,4123845.26631007,-0.5138208697619686
302505.8230165377,4123845.241734654,-0.5138205312592674
302505.86656018987,4123845.217159253,-0.5138201754908782
302505.910103851,4123845.1925838673,-0.5138197798414615
302505.95364752185,4123845.168008499,-0.5138193119684308
302505.997191204,4123845.143433151,-0.5138187846599358
302506.04073489935,4123845.1188578256,-0.5138181654734026
302506.08427860984,4123845.0942825275,-0.5138174723466816
302506.1278223372,4123845.0697072595,-0.5138166793312842
302506.1713660842,4123845.045132026,-0.5138157702059083
302506.21490985353,4123845.020556832,-0.5138147449705469
302506.25845364796,4123844.995981683,-0.5138135875039509
302506.301997471,4123844.971406584,-0.513812252675313
302506.34554132674,4123844.9468315435,-0.5138107330462505
302506.3890852199,4123844.922256569,-0.5138090106788719
302506.4326291554,4123844.8976816693,-0.513807035864847
302506.4761731392,4123844.873106856,-0.5138048087043904
302506.5197171779,4123844.8485321393,-0.5138022621234379
302506.5632612793,4123844.8239575336,-0.5137993337255077
302506.60680545255,4123844.7993830554,-0.513796029332633
302506.650349707,4123844.774808721,-0.5137922663216892
302506.6938940538,4123844.750234551,-0.5137879869739874
302506.7374385059,4123844.7256605667,-0.5137830797567526
302506.7809830785,4123844.7010867964,-0.5137774973507406
302506.8245277883,4123844.676513269,-0.5137711646714546
302506.8680726539,4123844.6519400175,-0.5137639476706455
302506.9116176967,4123844.62736708,-0.5137557141173533
302506.95516294177,4123844.6027945015,-0.5137463542960636
302506.99870841706,4123844.57822233,-0.5137356757664715
302507.0422541544,4123844.553650624,-0.5137235446830365
302507.08580019017,4123844.529079446,-0.5137097096411124
302507.1293465657,4123844.5045088707,-0.5136939494934141
302507.1728933283,4123844.4799389816,-0.513676024582659
302507.21644053154,4123844.455369873,-0.5136556125252862
302507.2599882362,4123844.4308016533,-0.513632375492386
302507.3035365118,4123844.4062344455,-0.5136059004676445
302507.34708543774,4123844.3816683907,-0.5135757692865093
302507.3906351038,4123844.357103648,-0.5135414656134938
302507.43418561266,4123844.3325403994,-0.5135023875240475
302507.4777370812,4123844.3079788527,-0.5134579078244736
302507.5212896422,4123844.283419243,-0.5134072704179063
302507.5648434469,4123844.258861839,-0.5133496134949841
302507.60839866725,4123844.234306946,-0.5132839800425907
302507.6519554992,4123844.2097549117,-0.5132092517991339
302507.6955141658,4123844.1852061325,-0.5131241892459375
302507.7390749205,4123844.1606610585,-0.5130273437254598
302507.78263805184,4123844.1361202034,-0.5129171066969663
302507.82620388834,4123844.1115841507,-0.5127916367091649
302507.86977280304,4123844.0870535644,-0.5126488307142487
302507.9133452204,4123844.0625292,-0.512486330924296
302507.95692162233,4123844.038011917,-0.5123014075543901
302508.0005025573,4123844.0135026923,-0.5120909923029643
302508.0440886483,4123843.9890026385,-0.5118516183617304
302508.0876806027,4123843.9645130187,-0.5115793463397468
302508.1312792234,4123843.9400352687,-0.5112696821815628
302508.1748854216,4123843.915571021,-0.5109175850009365
302508.21850023075,4123843.8911221283,-0.5105173510939606
302508.26212482166,4123843.866690694,-0.5100625389666898
302508.30576051946,4123843.842279103,-0.509545868880037
302508.3494088238,4123843.817890061,-0.5089592203880328
302508.3930714284,4123843.7935266295,-0.5082933996524754
302508.43675024423,4123843.769192275,-0.5075382273195106
302508.480447424,4123843.744890913,-0.5066822802017451
302508.52416538785,4123843.7206269624,-0.5057129476604498
302508.5679068501,4123843.696405401,-0.5046163403972501
302508.61167484673,4123843.672231822,-0.503377222987998
302508.65547276265,4123843.6481124954,-0.5019790977247494
302508.6993043565,4123843.624054428,-0.5004042868623709
302508.7431737813,4123843.600065418,-0.498634156381282
302508.7870855999,4123843.5761541007,-0.49664943295691183
302508.83104478783,4123843.552329984,-0.49443082824012563
302508.87505672267,4123843.5286034546,-0.4919598108632813
302508.91912715114,4123843.504985752,-0.4892198718911763
302508.96326212544,4123843.481488888,-0.4861982865632982
302509.00746789784,4123843.458125488,-0.48288842061457554
302509.05175076186,4123843.4349085283,-0.4792860838627401
302509.09611698013,4123843.4118512375,-0.4753146616385031
302509.1405744182,4123843.3889703252,-0.4711962052332314
302509.1851257023,4123843.366272708,-0.46691717372039254
302509.2297736895,4123843.3437659405,-0.46258959819062706
302509.27451864484,4123843.3214526074,-0.45838401527593964
302509.3193570354,4123843.2993276543,-0.45440613876604746
302509.364283076,4123843.27738124,-0.45071451839101956
302509.40928982745,4123843.255600825,-0.44733641111724765
302509.45436990104,4123843.2339725704,-0.44427903973392974
302509.49951589416,4123843.212482241,-0.441537092740748
302509.5447206494,4123843.191115777,-0.4390978342311821
302509.5899773953,4123843.1698596394,-0.4369446289982589
302509.6352798117,4123843.148700995,-0.43505918662544363
302509.6806220471,4123843.1276278,-0.43342302597489535
302509.72599870624,4123843.1066288184,-0.43201842859944634
302509.7714048201,4123843.0856935913,-0.4308290617332093
302509.81683580513,4123843.0648123818,-0.4298402521569719
302509.862287418,4123843.043976104,-0.42903926500294015
302509.90775570786,4123843.023176238,-0.4284152423327994
302509.95323696925,4123843.002404749,-0.42795933860484775
302509.9987276966,4123842.9816539967,-0.4276645603729882
302510.04422453884,4123842.960916655,-0.42752626756032286
302510.0897242486,4123842.9401856055,-0.42755437247496725
302510.13522337563,4123842.9194532773,-0.42773963515018065
302510.18071866094,4123842.89871252,-0.4280754463596257
302510.2262069783,4123842.8779564863,-0.4285626416734823
302510.27168517746,4123842.8571782936,-0.42920256644063515
302510.3171500695,4123842.836371003,-0.4299967035258493
302510.3625984218,4123842.8155276147,-0.43094571592583714
302510.4080269709,4123842.7946411055,-0.43204844492456124
302510.4534324575,4123842.773704515,-0.43330039532218767
302510.4988116946,4123842.7527110963,-0.4346914844742671
302510.5441616815,4123842.7316545728,-0.43620325711152774
302510.58947978256,4123842.710529515,-0.4378045394808595
302510.634763998,4123842.6893319176,-0.43944587016762926
302510.68001336185,4123842.6680600215,-0.44106770500010073
302510.72522816947,4123842.646714765,-0.44263185732706767
302510.7704095375,4123842.6252988107,-0.44411546342889857
302510.8155590858,4123842.603815847,-0.44550644659957295
302510.8606787108,4123842.5822701007,-0.44680022298648087
302510.90577042464,4123842.5606659967,-0.4480495797421768
302510.9508351124,4123842.539005574,-0.4491534509272033
302510.995875861,4123842.5172954192,-0.45016360614892686
302511.0408946552,4123842.495539778,-0.45109746699342795
302511.0858931125,4123842.473742105,-0.45196371859202333
302511.1308726704,4123842.4519054606,-0.45277144238408595
302511.17583457555,4123842.430032492,-0.45352984249136274
302511.22077987954,4123842.408125431,-0.4542481353727115
302511.26570943627,4123842.386186091,-0.45493552623298145
302511.3106239014,4123842.3642158727,-0.4556011564735564
302511.35552373284,4123842.3422157625,-0.456254072682398
302511.40040919033,4123842.320186341,-0.4569034064183516
302511.4452803341,4123842.298127779,-0.4575582336207208
302511.4901370237,4123842.2760398383,-0.4582277910639318
302511.5349789139,4123842.2539218687,-0.45892153202334296
302511.5798054493,4123842.231772796,-0.4596490876562712
302511.62461585813,4123842.209591115,-0.46042043377962494
302511.66940914374,4123842.1873748763,-0.46124591903454215
302511.71418407536,4123842.165121669,-0.46213618148943025
302511.7589391782,4123842.142828609,-0.46310229993158075
302511.80367272324,4123842.12049232,-0.4641556053662978
302511.84838271776,4123842.098108925,-0.465367160781125
302511.8930655608,4123842.0756713776,-0.4666473692837268
302511.93771964085,4123842.053176646,-0.46804479805875254
302511.98234224005,4123842.030619537,-0.4695738451914695
302512.02693029324,4123842.0079942257,-0.4712412082578264
302512.0714805563,4123841.9852946033,-0.47304963119293975
302512.11598969164,4123841.9625144545,-0.4749956854883972
302512.1604544066,4123841.939647734,-0.477066732411224
302512.20487166353,4123841.916688977,-0.47923665998139575
302512.2492389935,4123841.893633893,-0.4814598672005383
302512.29355495545,4123841.87048023,-0.48366314681458106
302512.3378197973,4123841.847228982,-0.48577816540706065
302512.38203536626,4123841.8238841635,-0.4877622574758229
302512.42620453425,4123841.800451661,-0.489590527995296
302512.4703307919,4123841.776938442,-0.49125037360411483
302512.5144179648,4123841.7533520106,-0.4927373945794669
302512.558470019,4123841.7297000447,-0.49405250057734806
302512.6024909334,4123841.7059901645,-0.49519978849586566
302512.64648461895,4123841.682229794,-0.49618510991888354
302512.69045487314,4123841.6584260864,-0.49701499347225325
302512.7344053592,4123841.634585896,-0.4976959140316628
302512.7783396023,4123841.610715784,-0.49823602932551164
302512.8222609469,4123841.586821946,-0.498645365329681
302512.8661725069,4123841.562910131,-0.49889732248684565
302512.9100780409,4123841.5389872533,-0.499017791236074
302512.9539806925,4123841.5150590865,-0.49900751172483426
302512.9978835902,4123841.491131371,-0.49886562230460096
302513.04178988247,4123841.467209885,-0.4985896740308042
302513.0857027738,4123841.443300516,-0.4981755380829341
302513.1296255626,4123841.419409335,-0.49761735382232625
302513.1735616792,4123841.3955426756,-0.49690752975945585
302513.2175147244,4123841.37170721,-0.4960367199104251
302513.2614885072,4123841.347910029,-0.4949938576283701
302513.305487081,4123841.3241587207,-0.49376620575345437
302513.349514777,4123841.300461447,-0.49233951327244213
302513.39357623324,4123841.276827013,-0.4906983060435074
302513.4376764151,4123841.2532649273,-0.4888262549837745
302513.48182062473,4123841.229785443,-0.4867068532080699
302513.5260144934,4123841.2063995725,-0.48432442185653307
302513.5702639478,4123841.1831190595,-0.48166560139956743
302513.6145751416,4123841.1599562815,-0.47872152609711194
302513.65895433543,4123841.1369240596,-0.4754909275519655
302513.70340770745,4123841.114035328,-0.47198465180975624
302513.74794106634,4123841.0913025993,-0.46823195654899935
302513.79255943117,4123841.068737145,-0.46428940711155287
302513.83726642904,4123841.0463477685,-0.4601060912029973
302513.8820666986,4123841.02414561,-0.4561437208781088
302513.9269545766,4123841.0021211472,-0.45238467119996256
302513.9719249173,4123840.9802655806,-0.4488716839584229
302514.0169717528,4123840.9585681316,-0.44563739435266597
302514.0620885262,4123840.9370164913,-0.44269611873633946
302514.1072684944,4123840.9155976446,-0.4400497717129004
302514.1525049889,4123840.8942984333,-0.437692277665588
302514.1977915742,4123840.873105924,-0.43561278580408974
302514.2431221356,4123840.8520076317,-0.43379785332713744
302514.2884909184,4123840.830991644,-0.432233102872498
302514.3338925343,4123840.810046671,-0.43090427374394913
302514.37932194595,4123840.789162046,-0.4297979842436175
302514.4247744371,4123840.76832769,-0.42890222997615957
302514.47024557466,4123840.747534056,-0.42820677590489054
302514.51573116414,4123840.7267720494,-0.4277032885228639
302514.56122720236,4123840.7060329462,-0.427385502632836
302514.60672982945,4123840.685308302,-0.4272493019059325
302514.65223527927,4123840.664589855,-0.42729268189889286
302514.6977398301,4123840.643869434,-0.4275157747201754
302514.7432397567,4123840.623138862,-0.42792085339069225
302514.78873128124,4123840.6023898614,-0.4285121760785263
302514.8342105276,4123840.5816139644,-0.42929590742419294
302514.8796734761,4123840.560802431,-0.43027996567588095
302514.92511592194,4123840.5399461696,-0.43147367518561613
302514.9705334386,4123840.5190356784,-0.43288736495152186
302515.01592134894,4123840.4980610018,-0.4345318906167053
302515.0612747059,4123840.4770117113,-0.43641762750357194
302515.1065882919,4123840.4558769325,-0.4386437683639357
302515.15185471706,4123840.4346413314,-0.44106613894260377
302515.1970695641,4123840.413296143,-0.44373601827727566
302515.24222725345,4123840.3918303163,-0.44664906154451905
302515.28732221114,4123840.370233039,-0.4497784673677858
302515.3323493507,4123840.3484947523,-0.4530753132828313
302515.37730456697,4123840.326608142,-0.456458970557828
302515.42218546016,4123840.3045695485,-0.4598040176742999
302515.46699237893,4123840.2823809516,-0.4630165469961734
302515.51172778604,4123840.2600485254,-0.4660404201615989
302515.55639546254,4123840.237580925,-0.46884549706014705
302515.600999946,4123840.2149881143,-0.47141929487715456
302515.6455461394,4123840.192280572,-0.4737609333078763
302515.6900390447,4123840.1694687773,-0.47587703227074
302515.734483585,4123840.146562879,-0.4777787251856533
302515.77888449037,4123840.1235724995,-0.4794797294118205
302515.8232462296,4123840.1005066247,-0.48099483903236656
302515.8675729745,4123840.0773735614,-0.4823390798884412
302515.91186858586,4123840.0541809318,-0.48352713064327874
302515.95613661455,4123840.0309356917,-0.4845728321882068
302516.0003803131,4123840.0076441723,-0.485489098361722
302516.04460265284,4123839.984312123,-0.4862877437984949
302516.08880634553,4123839.960944763,-0.486995512350214
302516.13299348886,4123839.9375461224,-0.4875976397123922
302516.1771665348,4123839.91412088,-0.48809344353888195
302516.22132796084,4123839.8906737394,-0.4885083631151874
302516.2654796544,4123839.8672082773,-0.48884844569659985
302516.30962336523,4123839.8437278015,-0.4891187759031857
302516.35376072704,4123839.820235393,-0.4893236395378102
302516.39789327537,4123839.796733943,-0.48946650115651963
302516.44202246575,4123839.773226188,-0.48955023145016496
302516.48614968796,4123839.749714738,-0.48957707983697907
302516.53027627873,4123839.726202104,-0.489548966493824
302516.57440353057,4123839.70269071,-0.48946754478672666
302516.6185326965,4123839.679182909,-0.4893345168412874
302516.6626649893,4123839.6556809787,-0.48915191565727095
302516.70680157247,4123839.6321871076,-0.4889226354462633
302516.75094354124,4123839.6087033567,-0.4886509733885341
302516.7950918879,4123839.5852315985,-0.4883435971644386
302516.83924744715,4123839.5617734115,-0.488010692635271
302516.8834108132,4123839.5383299254,-0.4876655398882058
302516.92758226854,4123839.5149016837,-0.48731639639514823
302516.97176190093,4123839.4914888656,-0.48696789629492143
302517.01594969,4123839.4680914455,-0.48662209122498185
302517.0601455677,4123839.444709307,-0.48627450963575203
302517.1043495699,4123839.4213425317,-0.48592359069423163
302517.1485617691,4123839.39799127,-0.4855809918865162
302517.19278196583,4123839.3746551564,-0.4852338865483243
302517.2370102599,4123839.3513343935,-0.48487837285964386
302517.2812468417,4123839.328029356,-0.4845100811843519
302517.3254920037,4123839.304740612,-0.4841240922051332
302517.3697461514,4123839.281468948,-0.4837150160607263
302517.414009815,4123839.258215389,-0.4832769560188161
302517.4582836607,4123839.234981223,-0.4828034449078722
302517.50256850285,4123839.2117680237,-0.48228742427392995
302517.54686531733,4123839.1885776795,-0.48172114348738376
302517.5911752564,4123839.1654124237,-0.4810961027979375
302517.6354996655,4123839.142274868,-0.48040294902449826
302517.67984010134,4123839.119168042,-0.47963136794165345
302517.72419835185,4123839.096095436,-0.47877005420659735
302517.7685764577,4123839.073061045,-0.4778065359737583
302517.8129767356,4123839.0500694243,-0.47672714420356194
302517.85740180325,4123839.027125743,-0.47551691849122835
302517.9018546037,4123839.004235844,-0.47415963463352945
302517.94633842935,4123838.981406302,-0.47263774263211744
302517.9908569452,4123838.9586444874,-0.470932580190221
302518.03541420645,4123838.9359586183,-0.46902451461910977
302518.08001467056,4123838.9133578097,-0.46689332663245914
302518.1246631977,4123838.8908521053,-0.464518973073285
302518.1693650343,4123838.8684524763,-0.46188242818498765
302518.214125773,4123838.8461707835,-0.4589672015311367
302518.25895127957,4123838.824019672,-0.45576152233731043
302518.3038475699,4123838.8020123676,-0.4522612572413436
302518.34882062563,4123838.7801623424,-0.4483966494142883
302518.3938777929,4123838.75848628,-0.4442616786093666
302518.43902419746,4123838.7369967164,-0.43999813135585797
302518.4842617974,4123838.7156998385,-0.4356365994147919
302518.5295918382,4123838.694600475,-0.43133604497135647
302518.5750121868,4123838.673696256,-0.4271974952509156
302518.6205186523,4123838.6529801926,-0.4232790769321745
302518.66610594,4123838.6324426024,-0.4196091946212015
302518.7117682923,4123838.6120724496,-0.41619583774914093
302518.7574999123,4123838.5918582757,-0.4130333446763325
302518.8032952353,4123838.5717888265,-0.41010711070303274
302518.8491490952,4123838.5518534686,-0.40739681595963406
302518.8950568224,4123838.532042459,-0.4048786942052211
302518.9410142953,4123838.5123471115,-0.40252707618906153
302518.9870179612,4123838.492759891,-0.40031532494327665
302519.03306484025,4123838.473274465,-0.39821641345933234
302519.079152519,4123838.4538857294,-0.3962033211267524
302519.125279138,4123838.4345898107,-0.39424916051524306
302519.171443378,4123838.4153840668,-0.3923272195229588
302519.2176444467,4123838.3962670825,-0.3904109078495469
302519.2638820659,4123838.3772386685,-0.38847367878634476
302519.3101564616,4123838.3582998626,-0.3864890048529488
302519.35646835464,4123838.339452933,-0.38443021879308714
302519.4028189527,4123838.320701389,-0.3822705629683432
302519.4492099415,4123838.3020499893,-0.37998332088623543
302519.4956434721,4123838.2835047445,-0.37754193408952935
302519.54212214507,4123838.2650729152,-0.37490005081933087
302519.5886493564,4123838.246763939,-0.3719603102829176
302519.63523018884,4123838.22859182,-0.36888592129628933
302519.6818666595,4123838.2105629984,-0.3655666408324632
302519.7285627038,4123838.19268908,-0.3619940763987606
302519.7753222914,4123838.174982105,-0.358171780551846
302519.82214920165,4123838.1574539943,-0.35412105340898553
302519.86904671136,4123838.1401157165,-0.3498890127587051
302519.91601716046,4123838.1229760717,-0.34555999142615157
302519.9630613547,4123838.1060399273,-0.34127120768381347
302520.01017774834,4123838.0893057017,-0.337132251026214
302520.0573630047,4123838.07276663,-0.3332079574728179
302520.1046128104,4123838.056412851,-0.3295319896532179
302520.1519224239,4123838.040232867,-0.3261165062591083
302520.1992870356,4123838.0242145583,-0.32295921219630164
302520.2467019971,4123838.0083458694,-0.32004818986074546
302520.2941629624,4123837.99261527,-0.31736542082690233
302520.3416659676,4123837.977012051,-0.3148892301644101
302520.38920747145,4123837.9615265033,-0.3125958344435226
302520.4367843713,4123837.946150026,-0.310460478023171
302520.4843940025,4123837.930875175,-0.3084581132225671
302520.5320341287,4123837.9156956854,-0.3065637911762257
302520.5797029281,4123837.9006064674,-0.30475291904651947
302520.6273989774,4123837.885603595,-0.30300131353604076
302520.67512123584,4123837.8706842894,-0.3012852192167506
302520.7228690302,4123837.8558469005,-0.2995062926704574
302520.7706431439,4123837.841094475,-0.29778257911322153
302520.81844261236,4123837.826424421,-0.2960270899431121
302520.8662677571,4123837.811838302,-0.2942122067503621
302520.91411929164,4123837.797339005,-0.2923160916449127
302520.96199822845,4123837.7829304673,-0.2903175602505814
302521.00990586105,4123837.7686176472,-0.28819663480448715
302521.05784373695,4123837.7544064694,-0.2859353350011025
302521.1058136199,4123837.7403037315,-0.28351871947003005
302521.15381743683,4123837.7263169615,-0.28093664473708907
302521.2018572009,4123837.7124541895,-0.27818628102540444
302521.2499349034,4123837.698723599,-0.27527549397783835
302521.29805236217,4123837.685133012,-0.2722279020690597
302521.34621101123,4123837.6716891318,-0.26908963092564203
302521.39441161253,4123837.6583964527,-0.2659389257325329
302521.4426538604,4123837.645255704,-0.262861559250616
302521.4909363265,4123837.632263474,-0.2599085818523472
302521.53925695666,4123837.6194138755,-0.25710674444218945
302521.58761340904,4123837.606699711,-0.2544657252589733
302521.63600327953,4123837.594113299,-0.2519835858607596
302521.68442424963,4123837.5816470343,-0.2496505165060337
302521.73287417943,4123837.569293771,-0.24745134168278884
302521.7813511647,4123837.557047086,-0.24536749532169208
302521.8298535699,4123837.5449014446,-0.24330006275760038
302521.8783809827,4123837.5328561044,-0.24137219059457146
302521.92693152337,4123837.520904342,-0.23950459331562965
302521.9755042969,4123837.5090432744,-0.23765787305710626
302522.0240988884,4123837.497271928,-0.23580730223306548
302522.0727151775,4123837.48559053,-0.23392744490505984
302522.12135333684,4123837.474000545,-0.2319921421774367
302522.17001383164,4123837.4625047124,-0.2299743657888639
302522.2186974193,4123837.45110709,-0.22784603271829895
302522.26740514964,4123837.439813109,-0.2255778877057139
302522.316138365,4123837.428629635,-0.22313938641292416
302522.3648986993,4123837.4175650314,-0.22049860623853065
302522.4136880743,4123837.4066292336,-0.21762229569502425
302522.46250869246,4123837.3958338164,-0.21447610001882028
302522.5113630228,4123837.385192054,-0.2110248556010293
302522.5602537781,4123837.374718965,-0.20723334640115845
302522.60918388015,4123837.364431323,-0.20306724582698496
302522.658156408,4123837.354347619,-0.19849491477779346
302522.7071745257,4123837.3444879395,-0.19348958085310958
302522.75624138385,4123837.3348737336,-0.18803289888611877
302522.80535998906,4123837.3255274086,-0.18211944207668979
302522.8545330371,4123837.3164717,-0.17576188701798567
302522.9037627172,4123837.307728783,-0.16861390935125017
302522.9530536331,4123837.2993379794,-0.1615171664099221
302523.0024027857,4123837.2912972,-0.1542893469787295
302523.0518086983,4123837.283613325,-0.14718441500729537
302523.1012679065,4123837.276280674,-0.1403607056145634
302523.15077597083,4123837.2692856905,-0.1339092061380463
302523.20032812515,4123837.2626102525,-0.12787413110004275
302523.2499196717,4123837.256233984,-0.12226772416229832
302523.29954620474,4123837.2501358427,-0.11708083280036996
302523.349203724,4123837.244295187,-0.11229034716457705
302523.39888867846,4123837.238692478,-0.10786443299452605
302523.44859796844,4123837.2333097216,-0.10376610183692796
302523.49832892464,4123837.2281307327,-0.09995553582516228
302523.54807927576,4123837.223141282,-0.09639170609471204
302523.5978471113,4123837.2183291623,-0.09303334609963837
302523.64763084386,4123837.2136842064,-0.0898394680273703
302523.69742917345,4123837.2091982756,-0.08676966667277515
302523.7472410543,4123837.2048652354,-0.08375108380640313
302523.7970658007,4123837.200682575,-0.08064219191818747
302523.84690330713,4123837.1966548343,-0.07770168295654352
302523.8967524273,4123837.1927736597,-0.07472071349327977
302523.9466128822,4123837.189041102,-0.07166148899792431
302523.9964845093,4123837.1854610965,-0.06848648850552175
302524.04636723787,4123837.1820394523,-0.06515873358895993
302524.09626106184,4123837.178783825,-0.06164211287568919
302524.14616601024,4123837.1757036764,-0.05790216367379775
302524.1960821124,4123837.1728101918,-0.05390714941999275
302524.2460093589,4123837.170116146,-0.04962985383663803
302524.2959476566,4123837.167635679,-0.04505017213217713
302524.3458967789,4123837.1653839387,-0.04015885393643717
302524.3958563133,4123837.163376542,-0.03496292748551593
302524.44582561037,4123837.1616287567,-0.029493067003890504
302524.4958037416,4123837.1601543208,-0.023813975004795842
302524.54578947823,4123837.1589637366,-0.018038781519267976
302524.595781308,4123837.158061847,-0.012235546312176028
302524.6457775653,4123837.157450085,-0.006547200092476105
302524.695776477,4123837.1571227275,-0.001382876307704205
302524.7457763734,4123837.157053584,0.0034777480082579873
302524.7957759912,4123837.1572274705,0.008031212315691802
302524.8457742868,4123837.157629026,0.012288752274048527
302524.8957704161,4123837.158243447,0.016271605762929013
302524.94576370355,4123837.15905699,0.020007641298497258
302524.9957536078,4123837.1600573035,0.02352903823176983
302525.0457396862,4123837.161233645,0.026870644770009826
302525.0957215616,4123837.1625770135,0.030068921887408187
302525.1456988916,4123837.164080231,0.03316123930352183
302525.1956713406,4123837.165737987,0.036185478741587916
302525.2456385537,4123837.167546864,0.03917985995941349
302525.29560013214,4123837.169505354,0.042182766683678534
302525.3455556104,4123837.171613865,0.04523288049667658
302525.3955044324,4123837.1738747363,0.0483689520952085
302525.44544592785,4123837.1762922397,0.05162979639786261
302525.49537928746,4123837.178872582,0.05509404686603512
302525.54530342284,4123837.181625891,0.058911123013903784
302525.5952166811,4123837.1845697435,0.062808344948509
302525.6451180653,4123837.1877080947,0.06698355715403781
302525.6950058853,4123837.191054765,0.07146480154301528
302525.7448781771,4123837.1946249586,0.07627179010392975
302525.7947326969,4123837.1984348428,0.08141132753663582
302525.84456694033,4123837.2025009017,0.08687067787007362
302525.89437820605,4123837.206838958,0.09260817103866788
302525.94416372984,4123837.21146273,0.09853994183994422
302525.9939209293,4123837.2163817333,0.10452155574735017
302526.0436478142,4123837.221598275,0.1104189351663224
302526.09334308334,4123837.227107984,0.11615471112821622
302526.1430059537,4123837.232902644,0.12169233175480378
302526.1926359987,4123837.2389722313,0.12702438905653773
302526.242233,4123837.2453063643,0.13216430626570472
302526.29179681366,4123837.25189534,0.13714020070017718
302526.3413272504,4123837.258730861,0.14199069947919404
302526.39082397014,4123837.2658065506,0.14676197834934007
302526.4402863868,4123837.2731183246,0.1515058779654892
302526.48971358157,4123837.2806646633,0.15627848251181556
302526.53910422063,4123837.288446815,0.16113950356619233
302526.58845647407,4123837.2964689676,0.16638298591847697
302526.6377659868,4123837.3047497864,0.17164986860527645
302526.6870311716,4123837.3132901913,0.17720089345392442
302526.73624815413,4123837.3221039292,0.18311866227038803
302526.7854120756,4123837.331208758,0.18947621830949427
302526.8345170685,4123837.3406259534,0.1963477290596843
302526.8835561301,4123837.350380337,0.20380698644189893
302526.9325209917,4123837.360500225,0.21192507313248504
302526.9814019949,4123837.3710172563,0.2207669031997528
302527.03018799046,4123837.381966044,0.23038581401254804
302527.07886629144,4123837.3933835574,0.24081592765474386
302527.12742272543,4123837.4053081274,0.2520612681830248
302527.175841858,4123837.41777793,0.2640805218075124
302527.2241074931,4123837.4308287455,0.27676619673563374
302527.27220359957,4123837.444490751,0.2899162195596313
302527.3201158702,4123837.4587840135,0.3031957673322861
302527.36783418385,4123837.4737122725,0.3162373365970566
302527.415353883,4123837.489261607,0.32882589293420295
302527.4626742293,4123837.50540795,0.3408535981020558
302527.50979710906,4123837.522122321,0.3522870717405623
302527.5567259577,4123837.539374421,0.36314374126908777
302527.60346488043,4123837.5571350367,0.3734750351556826
302527.65001794655,4123837.5753776184,0.38335469078349893
302527.6963886293,4123837.5940792775,0.39304846133294435
302527.74257591815,4123837.613229587,0.4026012958349172
302527.7885781234,4123837.6328202193,0.41168577282926905
302527.8344003663,4123837.6528279013,0.4207245506622351
302527.8800398103,4123837.6732488996,0.4298202282143035
302527.9254915463,4123837.6940841326,0.43907244440205695
302527.9707484874,4123837.7153389594,0.44857552159263586
302528.0158013183,4123837.73702286,0.4584151274474076
302528.06063852244,4123837.7591489623,0.46866371579548316
302528.1052465227,4123837.781733366,0.47937396550693145
302528.14960999263,4123837.8047941807,0.49056948314649806
302528.1937124261,4123837.828350167,0.5022317393087559
302528.2375370876,4123837.8524188385,0.5142819886127262
302528.28106851527,4123837.8770138337,0.5265565746826397
302528.32429481,4123837.9021413117,0.5387732968401516
302528.367211018,4123837.927795049,0.5505973984014513
302528.40982104425,4123837.9539545146,0.5618265533676516
302528.4521347932,4123837.980590891,0.5723518953987369
302528.4941659893,4123838.0076712426,0.5821293367106453
302528.5359305286,4123838.0351613327,0.5911588437521623
302528.57744525024,4123838.0630274797,0.5996800601426777
302528.61872106156,4123838.091246399,0.6075140086501314
302528.659774509,4123838.1197877782,0.6144776618353892
302528.7006281591,4123838.148614309,0.6209052390148522
302528.7412956531,4123838.1777028115,0.6268639478758874
302528.7817890824,4123838.207033112,0.63242070045086
302528.8221189013,4123838.2365879673,0.6376410436105746
302528.86229388573,4123838.266352955,0.6425883062943383
302528.9023211272,4123838.296316336,0.6473231387443478
302528.9422060537,4123838.3264689064,0.6519031308171189
302528.98195246933,4123838.3568038368,0.656382435609368
302529.02156261256,4123838.3873165026,0.6608113306419432
302529.0610372367,4123838.418004303,0.6652353751855383
302529.1003757179,4123838.448866445,0.669694384070497
302529.13957620313,4123838.479903698,0.6742206797547607
302529.1786358167,4123838.511118076,0.6788365334757894
302529.21755095106,4123838.542512428,0.6835508283804128
302529.25631767523,4123838.5740899076,0.6883540018801196
302529.2949323108,4123838.6058532503,0.6935357147125679
302529.3333818401,4123838.6378162554,0.6983502425227687
302529.37167700747,4123838.6699639806,0.7030865331236085
302529.40981946106,4123838.702292701,0.7077358842322268
302529.4478111774,4123838.734798394,0.7123082203327283
302529.48565385654,4123838.767477446,0.7168270926104174
302529.52334846754,4123838.800327161,0.7213259354527938
302529.5608949041,4123838.833346118,0.7258456648536876
302529.5982917141,4123838.8665344315,0.7304329269698162
302529.63553588174,4123838.8998939386,0.7351388875170083
302529.6726226434,4123838.93342834,0.7400184820467761
302529.7095453255,4123838.967143306,0.7451297695652294
302529.7462951962,4123839.0010465505,0.7505334493902828
302529.78286132944,4123839.035147884,0.7562922469742505
302529.8192304818,4123839.0694592344,0.7624699859907358
302529.8553869917,4123839.1039946238,0.7691303859483466
302529.8913127134,4123839.1387700927,0.7763350346563554
302529.92698701343,4123839.173803542,0.784559115856329
302529.9623720048,4123839.2091292036,0.7931720369355447
302529.9974513672,4123839.2447582553,0.802372295869702
302530.0322013634,4123839.280708441,0.8122383101757483
302530.0665948887,4123839.3169996096,0.8227161557427781
302530.1006061753,4123839.353649037,0.8336836642871883
302530.1342133761,4123839.3906691666,0.8449196461947576
302530.16740243864,4123839.4280644846,0.8560617322386681
302530.20017277315,4123839.4658272523,0.8668110098472942
302530.2325353245,4123839.503940118,0.876982124688881
302530.2645086075,4123839.542380229,0.8864710095882196
302530.29611576366,4123839.5811220706,0.8952308436619945
302530.3273824026,4123839.6201393744,0.9032542033430798
302530.3583350483,4123839.659406359,0.9105599731147453
302530.3890000474,4123839.698898494,0.9171838942272803
302530.4194028276,4123839.738592942,0.9231717291533498
302530.44956741703,4123839.7784687723,0.928574552863659
302530.4795161543,4123839.818507033,0.9334454990044121
302530.50926953525,4123839.858690727,0.9378376237619279
302530.5388461554,4123839.8990047374,0.9418024366438378
302530.5682627188,4123839.939435714,0.9453891411952754
302530.5975340891,4123839.9799719523,0.9487632198280725
302530.6266685223,4123840.020606726,0.9517354257628889
302530.6556820466,4123840.061327906,0.9544346341605419
302530.68458554667,4123840.1021272456,0.9569293263282165
302530.7133871727,4123840.1429985603,0.9592538556155783
302530.74209371343,4123840.1839367133,0.9614400249423192
302530.77071068715,4123840.2249375246,0.9635172477610892
302530.7992424312,4123840.265997691,0.965512583469604
302530.8276921895,4123840.307114706,0.9674506833552745
302530.8560622055,4123840.348286782,0.9693535864380756
302530.88435382355,4123840.3895127685,0.9712402825922161
302530.91256761004,4123840.430792059,0.9731260123555773
302530.9407035048,4123840.4721244792,0.9750211144327356
302530.9687610198,4123840.5135101457,0.9769293439509994
302530.99673951085,4123840.5549492775,0.9788453816063309
302531.0246385521,4123840.596441942,0.9807513822853386
302531.052458459,4123840.637987708,0.9826119347916739
302531.0802010215,4123840.679585166,0.9843808602381917
302531.10786996037,4123840.7212316366,0.9860302244661902
302531.1354701732,4123840.7629236896,0.9875448473718613
302531.16300720867,4123840.8046575016,0.9889181688632143
302531.1904869057,4123840.8464290937,0.9901494029057503
302531.21791515226,4123840.8882344896,0.9912414428893005
302531.2452977301,4123840.9300698144,0.992226853276283
302531.27263906994,4123840.9719321025,0.9930550134152569
302531.29994573124,4123841.0138170184,0.9937533229808785
302531.32722313714,4123841.0557209924,0.9943374673490086
302531.35447606025,4123841.097640893,0.9948131783227001
302531.38170903886,4123841.139573754,0.9951854136860249
302531.4089264067,4123841.181516749,0.9954582337139612
302531.43613233074,4123841.223467168,0.995634695624619
302531.4633308519,4123841.2654223875,0.9957167983947701
302531.4905259283,4123841.30737984,0.9957054637912985
302531.5177214803,4123841.349336984,0.9956004813812888
302531.54492143675,4123841.391291273,0.9954005662804262
302531.57212978,4123841.433240123,0.9951033070613922
302531.59935059136,4123841.475180883,0.9947052656077299
302531.62658809446,4123841.517110804,0.9942019835800592
302531.6538466962,4123841.559027011,0.9935881224785144
302531.68113102316,4123841.6009264765,0.9928575849644317
302531.7084459514,4123841.6428059977,0.9920037798155807
302531.7357966259,4123841.684662181,0.9910199928747255
302531.7631884642,4123841.726491436,0.9898998380022707
302531.7906271399,4123841.7682899805,0.9886380686541514
302531.8181185336,4123841.81005387,0.9872315912132
302531.8456686398,4123841.851779052,0.9856809987631222
302531.87328341196,4123841.8934614654,0.9839926782065472
302531.90096851916,4123841.9350971985,0.9821816601252459
302531.9287289857,4123841.9766827277,0.9802481689899564
302531.9565698069,4123842.0182145066,0.9782373145444476
302531.98449408537,4123842.0596902166,0.9763218182542648
302532.01249775715,4123842.1011123587,0.9744917319516697
302532.0405771864,4123842.14248318,0.9727746093921807
302532.0687276122,4123842.183805723,0.9711848291121237
302532.0969436957,4123842.2250834606,0.969727858805105
302532.12521989,4123842.2663200446,0.9684031801432618
302532.1535506852,4123842.3075191365,0.967206417455365
302532.1819307661,4123842.348684294,0.9661309025825229
302532.210355105,4123842.389818906,0.9651686664182266
302532.23881901277,4123842.430926149,0.9643111436234679
302532.26731816086,4123842.4720089687,0.9635497300101938
302532.2958485824,4123842.513070078,0.9628760251883879
302532.32440666086,4123842.5541119576,0.9622821043756328
302532.3529891104,4123842.5951368692,0.9617605711779067
302532.3815929522,4123842.636146869,0.9613046912298706
302532.410215487,4123842.677143825,0.9609083573187771
302532.4388542681,4123842.718129434,0.9605661338927349
302532.4675070739,4123842.75910524,0.96027321645809
302532.4961718811,4123842.8000726514,0.9600254038743032
302532.5248468398,4123842.841032958,0.9598191280957954
302532.553530247,4123842.881987349,0.9596513635614619
302532.58222052455,4123842.9229369275,0.9595196002937643
302532.6109161975,4123842.963882725,0.9594203742269007
302532.6396159332,4123843.0048256754,0.9593559054185735
302532.66831830854,4123843.0457667755,0.959325108725703
302532.6970219445,4123843.0867069913,0.9593251413425554
302532.72572557913,4123843.127647208,0.9593559269697899
302532.7544279535,4123843.1685883086,0.9594177829900707
302532.7831277952,4123843.2095311843,0.95951146647031
302532.81182380125,4123843.2504767487,0.9596380732086052
302532.840514623,4123843.2914259457,0.9597991314350534
302532.8691988491,4123843.332379763,0.9599965117573622
302532.89787499123,4123843.3733392414,0.9602324203054167
302532.9265414695,4123843.414305483,0.9605093783231928
302532.955196601,4123843.4552796627,0.9608300757035131
302532.9838385903,4123843.4962630295,0.9611973812613416
302533.0124655242,4123843.5372569137,0.9616141140836767
302533.04107537196,4123843.578262724,0.9620828808171991
302533.06966599444,4123843.619281941,0.9626057291588198
302533.09823516593,4123843.660316101,0.9631837577212151
302533.1267806136,4123843.7013667673,0.9638165051865056
302533.1553000808,4123843.7424354875,0.9645011408819525
302533.1837914245,4123843.783523724,0.9652312894254426
302533.2122527603,4123843.8246327527,0.9659955187326255
302533.24068267137,4123843.865763521,0.9667863684409473
302533.26908004563,4123843.9069167604,0.9675784737381592
302533.29744481324,4123843.9480924807,0.9683027426876921
302533.32577975077,4123843.9892887333,0.9689795745677402
302533.3540867985,4123844.030504154,0.9696037001592953
302533.3823681172,4123844.071737234,0.9701731367467956
302533.41062595154,4123844.1129864114,0.9706881342676715
302533.4388625389,4123844.154250136,0.9711503446137756
302533.4670800511,4123844.195526908,0.9715622428097741
302533.495280559,4123844.2368152994,0.9719267814757757
302533.52346601395,4123844.278113968,0.9722470557625498
302533.5516382406,4123844.319421662,0.9725261670024401
302533.5797989368,4123844.3607372176,0.9727670745811342
302533.6079496792,4123844.4020595565,0.9729725216359502
302533.63609193143,4123844.443387678,0.9731450248135284
302533.66422705405,4123844.4847206534,0.9732868015385329
302533.69235631626,4123844.5260576173,0.973399817824752
302533.7204809067,4123844.56739776,0.9734857309637371
302533.74860194523,4123844.608740319,0.9735459826555597
302533.7767204929,4123844.6500845724,0.97358176683923
302533.8048375612,4123844.691429832,0.9735933156728075
302533.8329541519,4123844.732775416,0.973580341818925
302533.8610712788,4123844.7741206354,0.9735458680208526
302533.8891898312,4123844.8154648854,0.9734908446240926
302533.9173106584,4123844.856807588,0.9734165023454241
302533.9454345592,4123844.8981482005,0.9733245076749889
302533.97356226284,4123844.939486225,0.9732172766049706
302534.00169439893,4123844.9808212332,0.9730983480628654
302534.0298314509,4123845.0221528956,0.9729729226437841
302534.0579736865,4123845.063481028,0.972845619860978
302534.0861211831,4123845.104805578,0.9727193133929093
302534.11427389923,4123845.1461265725,0.9725956288643269
302534.1424317257,4123845.1874440843,0.9724753350504011
302534.1705945224,4123845.228758209,0.9723585327738107
302534.19876214437,4123845.2700690436,0.9722449054056271
302534.22693446017,4123845.3113766774,0.9721337852433907
302534.255111366,4123845.3526811805,0.9720242945470431
302534.283292794,4123845.393982598,0.9719153818390807
302534.3114787204,4123845.4352809465,0.9718010505467712
302534.33966936794,4123845.4765760717,0.9716870434887581
302534.3678647234,4123845.517867983,0.9715714598508911
302534.3960648513,4123845.559156635,0.9714506777231178
302534.424269966,4123845.6004418805,0.9713230509286384
302534.45248034963,4123845.641723526,0.9711868172418466
302534.4806963566,4123845.683001328,0.9710401174284798
302534.5089184191,4123845.72427499,0.9708809121125097
302534.53714705183,4123845.7655441584,0.9707070715264579
302534.5653828586,4123845.806808419,0.9705162612664023
302534.5936265384,4123845.848067291,0.9703060034096982
302534.6218788925,4123845.8893202236,0.9700736555372382
302534.6501408309,4123845.9305665907,0.969816408337952
302534.67841337883,4123845.971805686,0.9695313435809205
302534.7066976815,4123846.0130367205,0.9692154557628471
302534.734995007,4123846.054258818,0.9688657460576964
302534.7633067464,4123846.0954710166,0.968479355695244
302534.7916344079,4123846.1366722733,0.96805372662914
302534.8199796034,4123846.1778614693,0.9675869247949265
302534.8483440231,4123846.2190374294,0.9670513271363712
302534.8767304925,4123846.2601981917,0.9664943713815045
302534.90513988206,4123846.3013431374,0.9659040169390061
302534.9335735565,4123846.342471304,0.9652855046789726
302534.96203266334,4123846.3835818754,0.9646533439366476
302534.9905177528,4123846.4246744476,0.9640309005392975
302535.0190284145,4123846.4657492815,0.9634352594241068
302535.04756353714,4123846.506807126,0.9628771678688443
302535.0761215693,4123846.547849039,0.9623629154163541
302535.1047007035,4123846.5888762604,0.9618956745212719
302535.13329900475,4123846.629890125,0.9614764573080534
302535.1619144971,4123846.6708919965,0.9611049371834107
302535.1905452206,4123846.7118832343,0.960779925337046
302535.2191892655,4123846.752865165,0.9604997637677907
302535.2478447908,4123846.793839069,0.9602626056542768
302535.27651003277,4123846.8348061764,0.9600665876156531
302535.30518330453,4123846.875767664,0.9599100204250878
302535.3338629891,4123846.916724662,0.9597914456660692
302535.3625475301,4123846.957678259,0.9597097087745622
302535.3912354185,4123846.9986295113,0.9596640139711724
302535.4199251779,4123847.0395794525,0.959653971582588
302535.4486153487,4123847.080529106,0.9596795592799399
302535.4773044716,4123847.121479493,0.9597412525916689
302535.50599106814,4123847.1624316503,0.9598399056551331
302535.5346736245,4123847.2033866374,0.9599811041667388
302535.5633503977,4123847.244345674,0.9601636498840944
302535.59201969375,4123847.285309945,0.9603865484765914
302535.6206798579,4123847.3262806046,0.9606546816244149
302535.64932903554,4123847.367258948,0.9609710631030643
302535.6779652468,4123847.408246353,0.9613390143749039
302535.70658637455,4123847.4492442915,0.9617620040171797
302535.7351901579,4123847.490254333,0.9622435288956154
302535.76377419056,4123847.5312781427,0.9627867724544832
302535.79233593267,4123847.572317474,0.9633943005668025
302535.8208727366,4123847.6133741494,0.9640674433439411
302535.84938189655,4123847.654450024,0.9648055165553123
302535.8778607314,4123847.695546929,0.9656046947156501
302535.9063067131,4123847.7366665797,0.9664564030117512
302535.9347176621,4123847.7778104427,0.96734511627739
302535.9630920347,4123847.8189795385,0.9682452142151986
302535.99142933945,4123847.860174157,0.9691310906272407
302536.01973014,4123847.9013938634,0.9699875588301051
302536.04799562716,4123847.9426377937,0.9708067506065088
302536.0762273185,4123847.9839048656,0.9715859495434317
302536.10442684643,4123848.0251939236,0.9723259823660109
302536.1325958115,4123848.066503839,0.9730301448440255
302536.1607356812,4123848.1078335806,0.9737034054804103
302536.1888477188,4123848.149182258,0.9743519038641401
302536.2169329362,4123848.190549158,0.9749825539514696
302536.2449920602,4123848.231933762,0.9756029028263992
302536.2730255062,4123848.2733357647,0.9762209266609908
302536.3010333594,4123848.314755085,0.976845037583747
302536.32901535707,4123848.3561918773,0.9774855925587738
302536.35697080666,4123848.3976465855,0.9781722679693858
302536.3848977838,4123848.4391204803,0.9788726141726246
302536.41279570776,4123848.480613923,0.9796185058085368
302536.4406626741,4123848.522128163,0.9804210819156395
302536.4684963126,4123848.563664754,0.9812923162876607
302536.49629375193,4123848.605225578,0.9822450891941429
302536.52405158035,4123848.6468128674,0.9832932672593044
302536.5517658016,4123848.6884292276,0.9844518519798456
302536.57943178725,4123848.7300776676,0.985736957397054
302536.60704422614,4123848.771761625,0.987165854862034
302536.63459707313,4123848.813484993,0.9887568469176184
302536.66208350146,4123848.8552521407,0.9905291299244949
302536.689495861,4123848.897067933,0.992502298000086
302536.7168256544,4123848.938937728,0.9946957796841418
302536.7440635376,4123848.9808673635,0.9971276967236533
302536.77119936637,4123849.022863108,0.9998132863828929
302536.798222309,4123849.064931569,1.0027623792638478
302536.8251210646,4123849.107079531,1.0059757810464758
302536.85188423726,4123849.1493137022,1.0094399187214556
302536.87850093923,4123849.1916403226,1.013119113313254
302536.9049617294,4123849.2340645776,1.0169444838256587
302536.9312600364,4123849.276589742,1.020798164904342
302536.9573942725,4123849.3192159394,1.0245484043162156
302536.98336847185,4123849.361939855,1.0281126106086056
302537.0091902352,4123849.4047560855,1.031442860494121
302537.034869273,4123849.4476580815,1.0345153240787135
302537.0604163803,4123849.490638782,1.0373226789654084
302537.0858427296,4123849.5336910402,1.039868570787738
302537.11115939415,4123849.5768078985,1.0421637023793318
302537.1363770366,4123849.619982754,1.044223001208423
302537.1615057185,4123849.663209453,1.0460636771462322
302537.18655479344,4123849.7064823364,1.047703886894214
302537.2115328598,4123849.74979625,1.0491618027227854
302537.2364477527,4123849.7931465353,1.0504550493631264
302537.2613065634,4123849.8365290076,1.051600266306466
302537.286115676,4123849.879939921,1.0526130286809983
302537.31088081165,4123849.9233759395,1.053507612199323
302537.3356070808,4123849.966834096,1.0542970728782317
302537.36029903404,4123850.0103117595,1.0549932117619363
302537.38496071496,4123850.053806602,1.0556066782531455
302537.4095957089,4123850.097316566,1.0561469874001328
302537.4342071905,4123850.140839834,1.0566226520810573
302537.458797967,4123850.1843748046,1.0570412489695569
302537.4833705177,4123850.2279200647,1.0574095246720945
302537.5079270302,4123850.2714743717,1.057733431212679
302537.53246943414,4123850.3150366307,1.0580182387353687
302537.55699943,4123850.3586058775,1.058268655264166
302537.5815185148,4123850.402181266,1.0584887769451596
302537.60602800705,4123850.4457620503,1.058682240288704
302537.6305290676,4123850.4893475757,1.058852275430824
302537.6550227167,4123850.5329372664,1.0590016980153116
302537.6795098523,4123850.5765306167,1.0591329848016002
302537.7039912645,4123850.6201271815,1.059248341122593
302537.7284676474,4123850.66372657,1.0593496968354053
302537.7529396111,4123850.707328439,1.0594387428508771
302537.77740769205,4123850.750932487,1.0595169777909315
302537.8018723617,4123850.7945384495,1.0595856948354856
302537.8263340348,4123850.838146093,1.059646070975652
302537.8507930749,4123850.881755213,1.0596991096818302
302537.875249802,4123850.92536563,1.059745704871843
302537.8997044971,4123850.968977187,1.0597866210713858
302537.9241574078,4123851.0125897443,1.05982256753814
302537.9486087506,4123851.0562031805,1.0598541393373593
302537.9730587165,4123851.0998173887,1.059881873220246
302537.99750747305,4123851.1434322754,1.059906235964879
302538.0219551667,4123851.187047757,1.0599276328643823
302538.0464019273,4123851.2306637624,1.0599464201036608
302538.0708478684,4123851.274280227,1.0599629254015828
302538.09529308946,4123851.3178970944,1.0599774308105423
302538.119737678,4123851.361514317,1.0599901732748938
302538.1441817107,4123851.405131851,1.0600013541953166
302538.1686252558,4123851.448749658,1.0600111952835047
302538.1930683715,4123851.492367706,1.0600198547957014
302538.2175111096,4123851.5359859653,1.0600274245888681
302538.2419535174,4123851.5796044096,1.0600340786430098
302538.2663956352,4123851.623223017,1.0600399062938959
302538.29083749856,4123851.6668417663,1.0600450475169503
302538.3152791377,4123851.7104606414,1.0600495530560827
302538.33972058044,4123851.754079627,1.0600535066442998
302538.3641618506,4123851.7976987087,1.0600569833294329
302538.38860296924,4123851.841317876,1.0600600227193686
302538.41304395517,4123851.884937117,1.0600627069709234
302538.43748482404,4123851.9285564236,1.060065059932748
302538.4619255904,4123851.972175788,1.060067126780994
302538.4863662665,4123852.015795203,1.060068949084064
302538.5108068632,4123852.0594146624,1.060070538539038
302538.53524739045,4123852.1030341606,1.060071942807815
302538.5596878565,4123852.146653693,1.0600731811867083
302538.5841282686,4123852.190273256,1.060074260784914
302538.6085686334,4123852.233892845,1.0600752231706716
302538.6330089563,4123852.2775124577,1.0600760572080339
302538.65744924295,4123852.321132091,1.0600767816677492
302538.68188949797,4123852.3647517418,1.0600774310445047
302538.70632972463,4123852.4083714085,1.0600779865675614
302538.73076992703,4123852.4519910887,1.0600784867940003
302538.75521010754,4123852.495610781,1.0600789291669548
302538.77965026896,4123852.5392304845,1.0600793030762181
302538.8040904139,4123852.582850197,1.060079638918332
302538.8285305443,4123852.6264699176,1.0600799296198347
302538.85297066194,4123852.6700896453,1.0600801913945885
302538.87741076824,4123852.7137093795,1.0600804227370704
302538.9018508644,4123852.7573291194,1.0600806256784856
302538.92629095155,4123852.800948864,1.0600808159069985
302538.95073103067,4123852.8445686135,1.0600809625361973
302538.9751711032,4123852.8881883663,1.060081093931374
302538.99961117003,4123852.9318081224,1.0600812151705339
302539.02405123174,4123852.975427882,1.060081318164646
302539.04849128885,4123853.0190476435,1.060081412018343
302539.0729313419,4123853.0626674076,1.0600814921793098
302539.09737139137,4123853.1062871735,1.0600815586475465
302539.1218114378,4123853.1499069408,1.0600816225588836
302539.14625148167,4123853.19352671,1.0600816758242961
302539.17069152324,4123853.2371464805,1.0600817174281825
302539.19513156294,4123853.280766252,1.060081758016467
302539.21957160084,4123853.3243860244,1.060081793526742
302539.24401163723,4123853.3680057977,1.0600818204222973
302539.26845167234,4123853.4116255715,1.0600818518701638
302539.29289170617,4123853.4552453463,1.0600818726721073
302539.31733173906,4123853.4988651215,1.060081895505255
302539.3417717709,4123853.542484897,1.0600819188283048
302539.36621180194,4123853.586104674,1.0600819320311317
302539.3906518322,4123853.6297244504,1.0600819457238606
302539.41509186197,4123853.6733442275,1.0600819634789977
302539.43953189097,4123853.716964005,1.0600819716038146
302539.4639719195,4123853.7605837826,1.060081975666223
302539.4884119478,4123853.80420356,1.0600819852965433
302539.5128519758,4123853.847823338,1.0600819949268638
302539.5372920035,4123853.8914431166,1.0600819974837687
302539.5617320308,4123853.9350628946,1.060082013697603
302539.5861720577,4123853.9786826735,1.0600820111764975
302539.6106120845,4123854.022302452,1.0600820177600114
302539.6350521112,4123854.065922231,1.0600820218224198
302539.6594921376,4123854.10954201,1.0600820248692262
302539.68393216387,4123854.153161789,1.0600820248692262
302539.7083721901,4123854.1967815678,1.0600820258848285
302539.73281221633,4123854.2404013467,1.0600820279160326
302539.7572522424,4123854.2840211256,1.060082030962839
302539.7816922683,4123854.3276409046,1.060082038561955
302539.80613229406,4123854.371260684,1.0600820365307506
302539.8305723199,4123854.4148804634,1.060082030962839
302539.8550123458,4123854.4585002423,1.060082038561955
302539.87945237156,4123854.5021200217,1.0600820405931592
302539.9038923972,4123854.545739801,1.0600820329940432
302539.928332423,4123854.58935958,1.060082038561955
302539.9527724487,4123854.6329793595,1.060082039577557
302539.9772124744,4123854.676599139,1.0600820416087613
302540.00165249995,4123854.7202189183,1.0600820360408496
302540.0260925256,4123854.763838697,1.060082039577557
302540.05053255125,4123854.8074584766,1.060082039577557
302540.0749725769,4123854.851078256,1.0600820416087613
302540.0994126025,4123854.8946980354,1.0600820436399656
302540.12385262793,4123854.938317815,1.0600820416087613
302540.1482926535,4123854.9819375942,1.0600820350252476
302540.1727326792,4123855.025557373,1.0600820426243636
302540.1971727047,4123855.0691771526,1.0600820436399656
302540.2216127301,4123855.112796932,1.0600820416087613
302540.2460527557,4123855.1564167114,1.0600820405931592
302540.2704927813,4123855.200036491,1.060082039577557
302540.294932807,4123855.24365627,1.0600820416087613
302540.31937283254,4123855.2872760496,1.0600820436399656
302540.343812858,4123855.330895829,1.0600820416087613
302540.36825288355,4123855.3745156084,1.0600820360408496
302540.39269290917,4123855.4181353874,1.0600820405931592
302540.4171329348,4123855.4617551668,1.0600820436399656
302540.44157296023,4123855.505374946,1.0600820426243636
302540.46601298574,4123855.5489947256,1.0600820405931592
302540.49045301136,4123855.592614505,1.0600820416087613
302540.5148930369,4123855.6362342844,1.0600820426243636
302540.5393330624,4123855.679854064,1.0600820416087613
302540.563773088,4123855.723473843,1.0600820405931592
302540.5882131136,4123855.7670936226,1.0600820360408496
302540.6126531392,4123855.8107134015,1.0600820416087613
302540.6370931648,4123855.854333181,1.0600820426243636
302540.6615331903,4123855.8979529603,1.0600820426243636
302540.6859732158,4123855.9415727397,1.060082039577557
302540.71041324147,4123855.985192519,1.0600820405931592
302540.7348532671,4123856.0288122986,1.0600820416087613
302540.75929329265,4123856.072432078,1.0600820426243636
302540.78373331815,4123856.1160518574,1.060082038072054
302540.80817334366,4123856.1596716363,1.0600820405931592
302540.8326133693,4123856.2032914157,1.0600820405931592
302540.8570533949,4123856.246911195,1.0600820436399656
302540.88149342034,4123856.2905309745,1.0600820416087613
302540.9059334459,4123856.334150754,1.0600820405931592
302540.9303734715,4123856.3777705333,1.0600820416087613
302540.9548134971,4123856.4213903127,1.0600820436399656
302540.9792535225,4123856.465010092,1.0600820416087613
302541.0036935481,4123856.5086298715,1.0600820350252476
302541.02813357377,4123856.5522496505,1.0600820405931592
302541.0525735994,4123856.59586943,1.0600820416087613
302541.07701362495,4123856.6394892093,1.0600820436399656
302541.1014536504,4123856.6831089887,1.0600820416087613
302541.12589367596,4123856.726728768,1.0600820405931592
302541.1503337016,4123856.7703485475,1.0600820405931592
302541.1747737272,4123856.813968327,1.0600820446555677
302541.1992137526,4123856.8575881063,1.0600820426243636
302541.2236537781,4123856.9012078857,1.0600820350252476
302541.24809380376,4123856.9448276646,1.0600820405931592
302541.2725338294,4123856.988447444,1.0600820436399656
302541.2969738548,4123857.0320672235,1.0600820426243636
302541.32141388033,4123857.075687003,1.0600820405931592
302541.34585390595,4123857.1193067823,1.060082039577557
302541.3702939316,4123857.1629265617,1.0600820405931592
302541.39473395725,4123857.206546341,1.0600820436399656
302541.4191739827,4123857.2501661205,1.0600820436399656
302541.44361400814,4123857.2937859,1.0600820350252476
302541.4680540338,4123857.337405679,1.0600820405931592
302541.49249405944,4123857.381025458,1.0600820436399656
302541.5169340849,4123857.4246452376,1.0600820426243636
302541.5413741104,4123857.468265017,1.0600820405931592
302541.565814136,4123857.5118847964,1.060082039577557
302541.5902541617,4123857.555504576,1.0600820360408496
302541.6146941873,4123857.599124355,1.0600820436399656
302541.63913421275,4123857.642744134,1.0600820426243636
302541.66357423825,4123857.6863639136,1.0600820405931592
302541.68801426387,4123857.729983693,1.0600820405931592
302541.7124542895,4123857.7736034724,1.0600820426243636
302541.736894315,4123857.817223252,1.0600820436399656
302541.76133434044,4123857.860843031,1.060082039577557
302541.7857743661,4123857.9044628106,1.0600820416087613
302541.8102143917,4123857.94808259,1.0600820426243636
302541.8346544172,4123857.9917023694,1.0600820426243636
302541.8590944427,4123858.035322149,1.0600820360408496
302541.8835344683,4123858.0789419278,1.0600820405931592
302541.9079744939,4123858.122561707,1.0600820405931592
302541.93241451954,4123858.1661814866,1.0600820426243636
302541.95685454505,4123858.209801266,1.0600820426243636
302541.98129457055,4123858.2534210454,1.0600820405931592
302542.00573459617,4123858.297040825,1.0600820405931592
302542.0301746218,4123858.340660604,1.0600820360408496
302542.0546146474,4123858.384280383,1.0600820426243636
302542.0790546729,4123858.4279001625,1.0600820436399656
302542.10349469836,4123858.471519942,1.060082039577557
302542.12793472403,4123858.5151397213,1.0600820405931592
302542.15237474965,4123858.5587595007,1.0600820446555677
302542.17681477504,4123858.60237928,1.0600820426243636
302542.20125480054,4123858.6459990595,1.060082039577557
302542.2256948262,4123858.689618839,1.0600820405931592
302542.25013485184,4123858.7332386184,1.0600820436399656
302542.2745748773,4123858.7768583978,1.0600820436399656
302542.29901490273,4123858.820478177,1.0600820350252476
302542.3234549284,4123858.864097956,1.060082039577557
302542.3478949541,4123858.9077177355,1.0600820405931592
302542.3723349797,4123858.951337515,1.0600820436399656
302542.39677500515,4123858.9949572943,1.0600820426243636
302542.42121503066,4123859.0385770737,1.0600820405931592
302542.4456550563,4123859.082196853,1.0600820350252476
302542.47009508195,4123859.125816632,1.0600820436399656
302542.4945351074,4123859.1694364115,1.060082049207877
302542.5189751328,4123859.2130561913,1.0600820350252476
302542.54341515846,4123859.2566759703,1.060082039577557
302542.56785518414,4123859.3002957497,1.0600820436399656
302542.5922952096,4123859.343915529,1.0600820436399656
